java Main 100000	10	1	1

0 0 0 0 0 0 0 0 0 0 0 0 0 0 0 0 0 0 0 0 0 0 0 0 0 1 1 1 1 1 1 1 1 1 1 1 1 1 1 1 1 1 1 1 1 1 1 1 1 1 2 2 2 2 2 2 2 2 2 2 2 2 2 2 2 2 2 2 2 2 2 2 2 2 2 3 3 3 3 3 3 3 3 3 3 3 3 3 3 3 3 3 3 3 3 3 3 3 3 3 
1.0 2.0 5.0 1.0 2.0 5.0 1.0 2.0 5.0 1.0 2.0 5.0 1.0 2.0 5.0 1.0 2.0 5.0 1.0 2.0 5.0 1.0 2.0 5.0 1.0 2.0 5.0 1.0 2.0 5.0 1.0 2.0 5.0 1.0 2.0 5.0 1.0 2.0 5.0 1.0 2.0 5.0 1.0 2.0 5.0 1.0 2.0 5.0 1.0 2.0 5.0 1.0 2.0 5.0 1.0 2.0 5.0 1.0 2.0 5.0 1.0 2.0 5.0 1.0 2.0 5.0 1.0 2.0 5.0 1.0 2.0 5.0 1.0 2.0 5.0 1.0 2.0 5.0 1.0 2.0 5.0 1.0 2.0 5.0 1.0 2.0 5.0 1.0 2.0 5.0 1.0 2.0 5.0 1.0 2.0 5.0 1.0 2.0 5.0 1.0 
65.0 66.0 69.0 65.0  se puede conectar en todos nodo
0 0 24 0 0 36 0 0 60 83 45 0 0 2 72 0 69 0 0 0 0 37 83 0 67 1 33 44 1 1 1 1 1 3 1 1 1 1 27 1 1 1 2 1 1 80 1 1 93 1 27 1 96 36 73 65 2 44 45 3 2 15 93 45 74 2 94 91 51 4 2 60 2 2 3 3 3 3 3 3 3 2 74 3 24 3 0 3 3 0 3 100 3 13 61 3 3 3 3 3 
3.0 2.0 5.0 1.0 2.0 5.0 1.0 2.0 5.0 2.0 2.0 9.0 1.0 2.0 5.0 1.0 2.0 5.0 1.0 2.0 11.0 1.0 2.0 15.0 1.0 2.0 5.0 1.0 2.0 10.0 1.0 2.0 15.0 2.0 2.0 5.0 1.0 2.0 5.0 1.0 6.0 11.0 1.0 2.0 5.0 1.0 2.0 15.0 1.0 2.0 5.0 1.0 2.0 5.0 1.0 2.0 15.0 3.0 2.0 5.0 1.0 4.0 5.0 2.0 2.0 7.0 1.0 2.0 10.0 2.0 6.0 5.0 1.0 2.0 5.0 1.0 3.0 5.0 1.0 6.0 5.0 1.0 2.0 5.0 1.0 2.0 5.0 3.0 2.0 11.0 2.0 2.0 7.0 1.0 2.0 5.0 3.0 2.0 5.0 1.0 
72.0 87.0 36.0 70.0 

nodesExpanded : 751
elapsed time: 105
java Main 100000	10	1	1

0 0 0 0 0 0 0 0 0 0 0 0 0 0 0 0 0 0 0 0 0 0 0 0 0 1 1 1 1 1 1 1 1 1 1 1 1 1 1 1 1 1 1 1 1 1 1 1 1 1 2 2 2 2 2 2 2 2 2 2 2 2 2 2 2 2 2 2 2 2 2 2 2 2 2 3 3 3 3 3 3 3 3 3 3 3 3 3 3 3 3 3 3 3 3 3 3 3 3 3 
1.0 2.0 5.0 1.0 2.0 5.0 1.0 2.0 5.0 1.0 2.0 5.0 1.0 2.0 5.0 1.0 2.0 5.0 1.0 2.0 5.0 1.0 2.0 5.0 1.0 2.0 5.0 1.0 2.0 5.0 1.0 2.0 5.0 1.0 2.0 5.0 1.0 2.0 5.0 1.0 2.0 5.0 1.0 2.0 5.0 1.0 2.0 5.0 1.0 2.0 5.0 1.0 2.0 5.0 1.0 2.0 5.0 1.0 2.0 5.0 1.0 2.0 5.0 1.0 2.0 5.0 1.0 2.0 5.0 1.0 2.0 5.0 1.0 2.0 5.0 1.0 2.0 5.0 1.0 2.0 5.0 1.0 2.0 5.0 1.0 2.0 5.0 1.0 2.0 5.0 1.0 2.0 5.0 1.0 2.0 5.0 1.0 2.0 5.0 1.0 
65.0 66.0 69.0 65.0  se puede conectar en todos nodo
70 0 0 0 15 3 25 0 39 0 27 0 1 77 0 0 0 0 0 0 0 100 96 0 14 1 1 1 69 1 1 1 1 1 1 1 1 1 87 1 1 1 3 1 1 7 38 1 45 94 84 74 77 96 29 33 2 83 33 75 2 27 0 75 22 2 91 96 2 15 2 3 2 2 24 8 75 3 80 3 3 86 3 3 65 3 3 1 95 45 0 3 3 7 3 66 3 33 24 0 
1.0 2.0 5.0 3.0 3.0 5.0 1.0 2.0 5.0 1.0 3.0 9.0 1.0 2.0 5.0 1.0 2.0 5.0 3.0 2.0 15.0 2.0 2.0 11.0 1.0 3.0 5.0 1.0 2.0 11.0 1.0 2.0 5.0 1.0 4.0 10.0 1.0 2.0 5.0 1.0 2.0 11.0 1.0 2.0 5.0 1.0 2.0 5.0 1.0 2.0 5.0 1.0 2.0 5.0 1.0 2.0 5.0 1.0 2.0 5.0 1.0 3.0 10.0 1.0 2.0 7.0 2.0 2.0 5.0 1.0 3.0 14.0 1.0 6.0 5.0 1.0 3.0 5.0 1.0 3.0 10.0 1.0 3.0 10.0 1.0 2.0 5.0 3.0 2.0 5.0 3.0 4.0 14.0 1.0 2.0 5.0 3.0 2.0 5.0 1.0 
80.0 76.0 28.0 81.0 

nodesExpanded : 751
elapsed time: 152
java Main 100000	10	1	1

0 0 0 0 0 0 0 0 0 0 0 0 0 0 0 0 0 0 0 0 0 0 0 0 0 1 1 1 1 1 1 1 1 1 1 1 1 1 1 1 1 1 1 1 1 1 1 1 1 1 2 2 2 2 2 2 2 2 2 2 2 2 2 2 2 2 2 2 2 2 2 2 2 2 2 3 3 3 3 3 3 3 3 3 3 3 3 3 3 3 3 3 3 3 3 3 3 3 3 3 
1.0 2.0 5.0 1.0 2.0 5.0 1.0 2.0 5.0 1.0 2.0 5.0 1.0 2.0 5.0 1.0 2.0 5.0 1.0 2.0 5.0 1.0 2.0 5.0 1.0 2.0 5.0 1.0 2.0 5.0 1.0 2.0 5.0 1.0 2.0 5.0 1.0 2.0 5.0 1.0 2.0 5.0 1.0 2.0 5.0 1.0 2.0 5.0 1.0 2.0 5.0 1.0 2.0 5.0 1.0 2.0 5.0 1.0 2.0 5.0 1.0 2.0 5.0 1.0 2.0 5.0 1.0 2.0 5.0 1.0 2.0 5.0 1.0 2.0 5.0 1.0 2.0 5.0 1.0 2.0 5.0 1.0 2.0 5.0 1.0 2.0 5.0 1.0 2.0 5.0 1.0 2.0 5.0 1.0 2.0 5.0 1.0 2.0 5.0 1.0 
65.0 66.0 69.0 65.0  se puede conectar en todos nodo
0 0 33 37 34 1 101 0 39 45 27 1 1 87 0 0 2 78 0 84 0 30 86 72 66 1 1 1 64 1 1 1 1 1 27 1 69 78 60 1 1 1 20 1 69 13 1 1 83 1 42 95 1 15 27 43 2 29 52 3 2 31 75 56 100 2 19 40 0 94 2 3 2 2 0 3 3 3 39 3 3 3 3 3 24 3 0 3 86 0 0 3 3 1 3 33 3 36 3 3 
1.0 2.0 5.0 1.0 2.0 5.0 1.0 2.0 5.0 2.0 2.0 10.0 1.0 2.0 5.0 2.0 3.0 5.0 1.0 2.0 6.0 1.0 2.0 10.0 1.0 3.0 6.0 3.0 2.0 15.0 3.0 2.0 8.0 2.0 2.0 11.0 3.0 2.0 10.0 3.0 2.0 7.0 1.0 2.0 5.0 1.0 2.0 5.0 3.0 2.0 5.0 1.0 3.0 5.0 1.0 2.0 15.0 1.0 2.0 5.0 3.0 2.0 6.0 1.0 2.0 13.0 1.0 2.0 15.0 1.0 2.0 11.0 1.0 2.0 12.0 1.0 2.0 5.0 1.0 5.0 7.0 1.0 6.0 7.0 1.0 2.0 5.0 1.0 2.0 5.0 2.0 3.0 5.0 1.0 2.0 5.0 3.0 3.0 5.0 1.0 
58.0 96.0 39.0 72.0 

nodesExpanded : 751
elapsed time: 178
java Main 100000	10	1	1

0 0 0 0 0 0 0 0 0 0 0 0 0 0 0 0 0 0 0 0 0 0 0 0 0 1 1 1 1 1 1 1 1 1 1 1 1 1 1 1 1 1 1 1 1 1 1 1 1 1 2 2 2 2 2 2 2 2 2 2 2 2 2 2 2 2 2 2 2 2 2 2 2 2 2 3 3 3 3 3 3 3 3 3 3 3 3 3 3 3 3 3 3 3 3 3 3 3 3 3 
1.0 2.0 5.0 1.0 2.0 5.0 1.0 2.0 5.0 1.0 2.0 5.0 1.0 2.0 5.0 1.0 2.0 5.0 1.0 2.0 5.0 1.0 2.0 5.0 1.0 2.0 5.0 1.0 2.0 5.0 1.0 2.0 5.0 1.0 2.0 5.0 1.0 2.0 5.0 1.0 2.0 5.0 1.0 2.0 5.0 1.0 2.0 5.0 1.0 2.0 5.0 1.0 2.0 5.0 1.0 2.0 5.0 1.0 2.0 5.0 1.0 2.0 5.0 1.0 2.0 5.0 1.0 2.0 5.0 1.0 2.0 5.0 1.0 2.0 5.0 1.0 2.0 5.0 1.0 2.0 5.0 1.0 2.0 5.0 1.0 2.0 5.0 1.0 2.0 5.0 1.0 2.0 5.0 1.0 2.0 5.0 1.0 2.0 5.0 1.0 
65.0 66.0 69.0 65.0  se puede conectar en todos nodo
0 0 0 0 0 96 11 69 18 0 0 0 1 0 30 0 40 1 0 0 0 52 87 0 36 1 1 1 96 1 1 13 1 1 1 36 0 38 1 27 1 1 89 1 1 66 1 1 80 1 99 7 2 2 37 36 69 90 80 2 2 93 84 33 19 2 2 2 102 103 2 1 2 2 2 43 3 3 42 100 3 3 64 3 27 3 15 3 95 33 3 3 3 27 47 3 3 3 3 47 
1.0 2.0 5.0 2.0 2.0 5.0 1.0 3.0 5.0 3.0 2.0 11.0 1.0 2.0 10.0 3.0 2.0 5.0 1.0 2.0 5.0 1.0 2.0 9.0 1.0 2.0 15.0 1.0 2.0 13.0 1.0 2.0 13.0 2.0 4.0 5.0 3.0 2.0 6.0 2.0 2.0 5.0 1.0 6.0 5.0 1.0 2.0 5.0 2.0 2.0 5.0 1.0 2.0 5.0 1.0 2.0 5.0 1.0 2.0 5.0 3.0 2.0 6.0 1.0 2.0 13.0 1.0 2.0 5.0 1.0 2.0 5.0 1.0 2.0 5.0 1.0 6.0 5.0 1.0 2.0 11.0 1.0 2.0 7.0 1.0 3.0 6.0 1.0 2.0 7.0 1.0 4.0 12.0 1.0 2.0 10.0 3.0 2.0 10.0 2.0 
53.0 95.0 41.0 76.0 

nodesExpanded : 751
elapsed time: 109
java Main 100000	10	1	1

0 0 0 0 0 0 0 0 0 0 0 0 0 0 0 0 0 0 0 0 0 0 0 0 0 1 1 1 1 1 1 1 1 1 1 1 1 1 1 1 1 1 1 1 1 1 1 1 1 1 2 2 2 2 2 2 2 2 2 2 2 2 2 2 2 2 2 2 2 2 2 2 2 2 2 3 3 3 3 3 3 3 3 3 3 3 3 3 3 3 3 3 3 3 3 3 3 3 3 3 
1.0 2.0 5.0 1.0 2.0 5.0 1.0 2.0 5.0 1.0 2.0 5.0 1.0 2.0 5.0 1.0 2.0 5.0 1.0 2.0 5.0 1.0 2.0 5.0 1.0 2.0 5.0 1.0 2.0 5.0 1.0 2.0 5.0 1.0 2.0 5.0 1.0 2.0 5.0 1.0 2.0 5.0 1.0 2.0 5.0 1.0 2.0 5.0 1.0 2.0 5.0 1.0 2.0 5.0 1.0 2.0 5.0 1.0 2.0 5.0 1.0 2.0 5.0 1.0 2.0 5.0 1.0 2.0 5.0 1.0 2.0 5.0 1.0 2.0 5.0 1.0 2.0 5.0 1.0 2.0 5.0 1.0 2.0 5.0 1.0 2.0 5.0 1.0 2.0 5.0 1.0 2.0 5.0 1.0 2.0 5.0 1.0 2.0 5.0 1.0 
65.0 66.0 69.0 65.0  se puede conectar en todos nodo
0 31 45 0 15 30 20 84 0 7 45 0 0 96 0 0 86 0 1 64 0 39 25 0 27 1 1 1 89 1 1 1 1 1 27 1 1 27 1 65 1 1 85 1 1 45 41 1 36 1 75 29 1 1 72 73 2 44 101 39 2 47 87 94 48 2 100 2 1 72 2 2 100 2 1 37 3 96 52 3 3 77 3 3 30 3 3 29 3 0 3 3 3 3 3 3 3 3 3 1 
1.0 2.0 5.0 2.0 2.0 5.0 1.0 2.0 5.0 1.0 2.0 7.0 1.0 2.0 5.0 1.0 3.0 5.0 1.0 2.0 5.0 3.0 2.0 12.0 1.0 4.0 11.0 3.0 2.0 5.0 1.0 2.0 7.0 2.0 2.0 13.0 1.0 4.0 5.0 1.0 3.0 13.0 1.0 5.0 7.0 1.0 2.0 5.0 2.0 2.0 5.0 1.0 2.0 5.0 1.0 2.0 5.0 1.0 2.0 5.0 3.0 3.0 5.0 1.0 2.0 5.0 1.0 2.0 9.0 3.0 2.0 10.0 1.0 4.0 5.0 1.0 2.0 5.0 1.0 2.0 7.0 2.0 5.0 10.0 1.0 4.0 5.0 1.0 2.0 5.0 2.0 2.0 12.0 1.0 2.0 5.0 3.0 4.0 5.0 1.0 
49.0 112.0 31.0 73.0 

nodesExpanded : 751
elapsed time: 98
java Main 100000	10	1	1

0 0 0 0 0 0 0 0 0 0 0 0 0 0 0 0 0 0 0 0 0 0 0 0 0 1 1 1 1 1 1 1 1 1 1 1 1 1 1 1 1 1 1 1 1 1 1 1 1 1 2 2 2 2 2 2 2 2 2 2 2 2 2 2 2 2 2 2 2 2 2 2 2 2 2 3 3 3 3 3 3 3 3 3 3 3 3 3 3 3 3 3 3 3 3 3 3 3 3 3 
1.0 2.0 5.0 1.0 2.0 5.0 1.0 2.0 5.0 1.0 2.0 5.0 1.0 2.0 5.0 1.0 2.0 5.0 1.0 2.0 5.0 1.0 2.0 5.0 1.0 2.0 5.0 1.0 2.0 5.0 1.0 2.0 5.0 1.0 2.0 5.0 1.0 2.0 5.0 1.0 2.0 5.0 1.0 2.0 5.0 1.0 2.0 5.0 1.0 2.0 5.0 1.0 2.0 5.0 1.0 2.0 5.0 1.0 2.0 5.0 1.0 2.0 5.0 1.0 2.0 5.0 1.0 2.0 5.0 1.0 2.0 5.0 1.0 2.0 5.0 1.0 2.0 5.0 1.0 2.0 5.0 1.0 2.0 5.0 1.0 2.0 5.0 1.0 2.0 5.0 1.0 2.0 5.0 1.0 2.0 5.0 1.0 2.0 5.0 1.0 
65.0 66.0 69.0 65.0  se puede conectar en todos nodo
0 0 21 0 4 0 69 69 66 0 23 0 15 3 24 0 80 0 0 3 0 60 81 0 42 1 1 1 1 1 1 1 1 1 33 1 74 88 45 27 1 1 77 1 1 7 27 0 25 96 93 2 37 54 29 1 84 2 42 87 2 67 36 96 19 2 94 0 2 23 2 33 2 2 72 33 3 3 25 3 3 3 77 3 24 3 3 1 3 3 3 100 3 7 3 30 3 3 0 3 
3.0 2.0 5.0 3.0 2.0 5.0 1.0 2.0 5.0 1.0 2.0 6.0 1.0 2.0 5.0 3.0 2.0 10.0 1.0 5.0 13.0 3.0 2.0 8.0 1.0 3.0 10.0 1.0 2.0 13.0 1.0 2.0 15.0 3.0 2.0 5.0 1.0 2.0 8.0 1.0 2.0 13.0 1.0 2.0 5.0 1.0 2.0 5.0 1.0 2.0 10.0 1.0 2.0 5.0 1.0 2.0 8.0 1.0 2.0 5.0 1.0 2.0 10.0 3.0 2.0 8.0 1.0 2.0 10.0 1.0 3.0 5.0 1.0 5.0 5.0 1.0 4.0 7.0 1.0 2.0 13.0 1.0 2.0 10.0 3.0 2.0 5.0 1.0 2.0 15.0 2.0 2.0 10.0 1.0 2.0 5.0 3.0 2.0 5.0 1.0 
67.0 80.0 30.0 88.0 

nodesExpanded : 751
elapsed time: 107
java Main 100000	10	1	1

0 0 0 0 0 0 0 0 0 0 0 0 0 0 0 0 0 0 0 0 0 0 0 0 0 1 1 1 1 1 1 1 1 1 1 1 1 1 1 1 1 1 1 1 1 1 1 1 1 1 2 2 2 2 2 2 2 2 2 2 2 2 2 2 2 2 2 2 2 2 2 2 2 2 2 3 3 3 3 3 3 3 3 3 3 3 3 3 3 3 3 3 3 3 3 3 3 3 3 3 
1.0 2.0 5.0 1.0 2.0 5.0 1.0 2.0 5.0 1.0 2.0 5.0 1.0 2.0 5.0 1.0 2.0 5.0 1.0 2.0 5.0 1.0 2.0 5.0 1.0 2.0 5.0 1.0 2.0 5.0 1.0 2.0 5.0 1.0 2.0 5.0 1.0 2.0 5.0 1.0 2.0 5.0 1.0 2.0 5.0 1.0 2.0 5.0 1.0 2.0 5.0 1.0 2.0 5.0 1.0 2.0 5.0 1.0 2.0 5.0 1.0 2.0 5.0 1.0 2.0 5.0 1.0 2.0 5.0 1.0 2.0 5.0 1.0 2.0 5.0 1.0 2.0 5.0 1.0 2.0 5.0 1.0 2.0 5.0 1.0 2.0 5.0 1.0 2.0 5.0 1.0 2.0 5.0 1.0 2.0 5.0 1.0 2.0 5.0 1.0 
65.0 66.0 69.0 65.0  se puede conectar en todos nodo
0 0 72 0 0 33 37 87 0 96 96 0 47 95 27 0 0 1 0 0 0 11 3 0 52 1 1 1 48 1 1 27 1 1 1 84 89 1 33 16 1 1 51 1 1 37 73 1 36 0 69 23 95 93 27 96 2 31 45 30 2 0 36 0 19 2 16 51 3 0 2 3 2 2 3 1 3 3 52 3 3 69 3 3 21 3 3 94 69 3 3 3 3 3 3 39 3 7 24 3 
1.0 2.0 5.0 3.0 2.0 5.0 1.0 3.0 5.0 1.0 2.0 5.0 3.0 2.0 5.0 3.0 2.0 6.0 1.0 3.0 10.0 1.0 2.0 13.0 1.0 2.0 10.0 2.0 2.0 15.0 1.0 2.0 13.0 3.0 2.0 10.0 1.0 2.0 5.0 1.0 2.0 7.0 1.0 5.0 7.0 1.0 2.0 8.0 3.0 2.0 5.0 1.0 2.0 5.0 1.0 2.0 5.0 1.0 2.0 5.0 1.0 2.0 5.0 1.0 2.0 13.0 1.0 2.0 10.0 3.0 2.0 5.0 1.0 2.0 5.0 1.0 2.0 5.0 1.0 2.0 15.0 1.0 2.0 8.0 1.0 3.0 5.0 1.0 2.0 10.0 2.0 6.0 10.0 1.0 2.0 5.0 1.0 2.0 5.0 1.0 
58.0 86.0 24.0 97.0 

nodesExpanded : 751
elapsed time: 122
java Main 100000	10	1	1

0 0 0 0 0 0 0 0 0 0 0 0 0 0 0 0 0 0 0 0 0 0 0 0 0 1 1 1 1 1 1 1 1 1 1 1 1 1 1 1 1 1 1 1 1 1 1 1 1 1 2 2 2 2 2 2 2 2 2 2 2 2 2 2 2 2 2 2 2 2 2 2 2 2 2 3 3 3 3 3 3 3 3 3 3 3 3 3 3 3 3 3 3 3 3 3 3 3 3 3 
1.0 2.0 5.0 1.0 2.0 5.0 1.0 2.0 5.0 1.0 2.0 5.0 1.0 2.0 5.0 1.0 2.0 5.0 1.0 2.0 5.0 1.0 2.0 5.0 1.0 2.0 5.0 1.0 2.0 5.0 1.0 2.0 5.0 1.0 2.0 5.0 1.0 2.0 5.0 1.0 2.0 5.0 1.0 2.0 5.0 1.0 2.0 5.0 1.0 2.0 5.0 1.0 2.0 5.0 1.0 2.0 5.0 1.0 2.0 5.0 1.0 2.0 5.0 1.0 2.0 5.0 1.0 2.0 5.0 1.0 2.0 5.0 1.0 2.0 5.0 1.0 2.0 5.0 1.0 2.0 5.0 1.0 2.0 5.0 1.0 2.0 5.0 1.0 2.0 5.0 1.0 2.0 5.0 1.0 2.0 5.0 1.0 2.0 5.0 1.0 
65.0 66.0 69.0 65.0  se puede conectar en todos nodo
0 0 0 0 15 0 14 0 3 96 35 0 0 2 0 0 86 0 0 0 15 0 20 0 13 1 1 1 48 1 1 33 84 3 7 1 74 1 30 1 1 1 69 1 1 1 43 1 100 0 0 0 51 72 70 40 2 22 9 3 2 16 0 47 96 2 3 37 60 44 2 2 64 2 54 34 3 3 36 3 3 87 3 96 30 3 0 3 3 3 3 3 3 1 3 63 3 83 3 1 
1.0 2.0 5.0 3.0 2.0 7.0 1.0 2.0 5.0 2.0 3.0 12.0 3.0 2.0 5.0 1.0 4.0 5.0 2.0 2.0 5.0 1.0 2.0 5.0 1.0 2.0 11.0 1.0 2.0 10.0 2.0 5.0 6.0 3.0 2.0 5.0 3.0 2.0 5.0 3.0 3.0 5.0 1.0 3.0 7.0 1.0 2.0 7.0 1.0 2.0 10.0 1.0 2.0 5.0 1.0 2.0 15.0 1.0 2.0 10.0 2.0 2.0 5.0 1.0 2.0 6.0 2.0 2.0 10.0 1.0 5.0 5.0 1.0 2.0 5.0 1.0 2.0 5.0 1.0 4.0 11.0 1.0 6.0 6.0 1.0 2.0 5.0 1.0 2.0 5.0 1.0 2.0 15.0 1.0 2.0 5.0 2.0 2.0 5.0 1.0 
79.0 64.0 37.0 85.0 

nodesExpanded : 751
elapsed time: 104
java Main 100000	10	1	1

0 0 0 0 0 0 0 0 0 0 0 0 0 0 0 0 0 0 0 0 0 0 0 0 0 1 1 1 1 1 1 1 1 1 1 1 1 1 1 1 1 1 1 1 1 1 1 1 1 1 2 2 2 2 2 2 2 2 2 2 2 2 2 2 2 2 2 2 2 2 2 2 2 2 2 3 3 3 3 3 3 3 3 3 3 3 3 3 3 3 3 3 3 3 3 3 3 3 3 3 
1.0 2.0 5.0 1.0 2.0 5.0 1.0 2.0 5.0 1.0 2.0 5.0 1.0 2.0 5.0 1.0 2.0 5.0 1.0 2.0 5.0 1.0 2.0 5.0 1.0 2.0 5.0 1.0 2.0 5.0 1.0 2.0 5.0 1.0 2.0 5.0 1.0 2.0 5.0 1.0 2.0 5.0 1.0 2.0 5.0 1.0 2.0 5.0 1.0 2.0 5.0 1.0 2.0 5.0 1.0 2.0 5.0 1.0 2.0 5.0 1.0 2.0 5.0 1.0 2.0 5.0 1.0 2.0 5.0 1.0 2.0 5.0 1.0 2.0 5.0 1.0 2.0 5.0 1.0 2.0 5.0 1.0 2.0 5.0 1.0 2.0 5.0 1.0 2.0 5.0 1.0 2.0 5.0 1.0 2.0 5.0 1.0 2.0 5.0 1.0 
65.0 66.0 69.0 65.0  se puede conectar en todos nodo
0 0 57 0 73 0 83 95 0 100 27 0 0 0 15 0 87 0 1 74 0 55 74 1 93 1 1 1 1 1 1 80 1 1 1 96 1 1 1 1 1 1 81 1 1 7 27 3 14 0 96 89 0 9 29 43 2 90 50 2 2 47 2 83 89 2 2 2 3 1 2 33 100 2 102 44 3 69 64 3 3 3 3 3 37 3 3 94 3 3 3 3 3 1 19 33 3 36 0 37 
1.0 2.0 5.0 2.0 2.0 15.0 1.0 2.0 5.0 1.0 3.0 10.0 1.0 2.0 5.0 3.0 2.0 5.0 1.0 2.0 5.0 1.0 2.0 12.0 1.0 3.0 5.0 1.0 2.0 15.0 1.0 2.0 7.0 3.0 2.0 5.0 1.0 2.0 5.0 3.0 3.0 5.0 1.0 4.0 5.0 1.0 4.0 5.0 1.0 2.0 5.0 2.0 2.0 10.0 1.0 2.0 5.0 1.0 2.0 5.0 2.0 2.0 5.0 1.0 2.0 11.0 1.0 2.0 5.0 3.0 6.0 5.0 1.0 2.0 5.0 1.0 4.0 6.0 1.0 4.0 5.0 1.0 2.0 7.0 1.0 6.0 6.0 1.0 2.0 6.0 2.0 4.0 15.0 1.0 2.0 5.0 3.0 2.0 10.0 1.0 
65.0 84.0 39.0 77.0 

nodesExpanded : 751
elapsed time: 103
java Main 100000	10	1	1

0 0 0 0 0 0 0 0 0 0 0 0 0 0 0 0 0 0 0 0 0 0 0 0 0 1 1 1 1 1 1 1 1 1 1 1 1 1 1 1 1 1 1 1 1 1 1 1 1 1 2 2 2 2 2 2 2 2 2 2 2 2 2 2 2 2 2 2 2 2 2 2 2 2 2 3 3 3 3 3 3 3 3 3 3 3 3 3 3 3 3 3 3 3 3 3 3 3 3 3 
1.0 2.0 5.0 1.0 2.0 5.0 1.0 2.0 5.0 1.0 2.0 5.0 1.0 2.0 5.0 1.0 2.0 5.0 1.0 2.0 5.0 1.0 2.0 5.0 1.0 2.0 5.0 1.0 2.0 5.0 1.0 2.0 5.0 1.0 2.0 5.0 1.0 2.0 5.0 1.0 2.0 5.0 1.0 2.0 5.0 1.0 2.0 5.0 1.0 2.0 5.0 1.0 2.0 5.0 1.0 2.0 5.0 1.0 2.0 5.0 1.0 2.0 5.0 1.0 2.0 5.0 1.0 2.0 5.0 1.0 2.0 5.0 1.0 2.0 5.0 1.0 2.0 5.0 1.0 2.0 5.0 1.0 2.0 5.0 1.0 2.0 5.0 1.0 2.0 5.0 1.0 2.0 5.0 1.0 2.0 5.0 1.0 2.0 5.0 1.0 
65.0 66.0 69.0 65.0  se puede conectar en todos nodo
0 0 0 0 0 93 0 2 0 67 33 1 15 0 36 0 87 0 0 0 0 94 23 0 39 1 1 1 11 45 1 0 1 1 58 1 1 27 0 1 1 3 1 1 1 97 8 1 30 1 51 19 0 99 1 41 2 70 30 2 2 16 2 7 96 2 96 69 93 1 2 51 2 2 90 37 3 3 3 3 96 3 74 3 43 3 3 3 3 3 3 3 3 15 31 3 3 100 15 3 
1.0 2.0 5.0 3.0 4.0 5.0 1.0 4.0 5.0 1.0 2.0 15.0 3.0 2.0 5.0 2.0 2.0 5.0 1.0 4.0 5.0 1.0 2.0 9.0 1.0 2.0 8.0 3.0 2.0 7.0 1.0 2.0 10.0 2.0 2.0 6.0 1.0 4.0 5.0 2.0 2.0 12.0 1.0 2.0 5.0 1.0 2.0 15.0 1.0 2.0 5.0 1.0 2.0 5.0 3.0 2.0 5.0 1.0 2.0 5.0 1.0 2.0 5.0 2.0 2.0 7.0 2.0 2.0 5.0 1.0 4.0 5.0 1.0 2.0 5.0 1.0 2.0 5.0 1.0 2.0 5.0 1.0 2.0 7.0 1.0 2.0 10.0 1.0 2.0 15.0 2.0 2.0 14.0 2.0 2.0 10.0 3.0 2.0 5.0 1.0 
58.0 81.0 34.0 92.0 

nodesExpanded : 751
elapsed time: 174
java Main 100000	10	1	1

0 0 0 0 0 0 0 0 0 0 0 0 0 0 0 0 0 0 0 0 0 0 0 0 0 1 1 1 1 1 1 1 1 1 1 1 1 1 1 1 1 1 1 1 1 1 1 1 1 1 2 2 2 2 2 2 2 2 2 2 2 2 2 2 2 2 2 2 2 2 2 2 2 2 2 3 3 3 3 3 3 3 3 3 3 3 3 3 3 3 3 3 3 3 3 3 3 3 3 3 
1.0 2.0 5.0 1.0 2.0 5.0 1.0 2.0 5.0 1.0 2.0 5.0 1.0 2.0 5.0 1.0 2.0 5.0 1.0 2.0 5.0 1.0 2.0 5.0 1.0 2.0 5.0 1.0 2.0 5.0 1.0 2.0 5.0 1.0 2.0 5.0 1.0 2.0 5.0 1.0 2.0 5.0 1.0 2.0 5.0 1.0 2.0 5.0 1.0 2.0 5.0 1.0 2.0 5.0 1.0 2.0 5.0 1.0 2.0 5.0 1.0 2.0 5.0 1.0 2.0 5.0 1.0 2.0 5.0 1.0 2.0 5.0 1.0 2.0 5.0 1.0 2.0 5.0 1.0 2.0 5.0 1.0 2.0 5.0 1.0 2.0 5.0 1.0 2.0 5.0 1.0 2.0 5.0 1.0 2.0 5.0 1.0 2.0 5.0 1.0 
65.0 66.0 69.0 65.0  se puede conectar en todos nodo
0 0 33 3 0 0 83 0 96 0 34 0 0 2 36 0 2 27 0 37 0 39 0 0 25 1 1 1 1 1 1 84 1 1 1 84 1 1 96 1 1 1 64 1 1 101 27 1 3 1 6 7 95 2 30 8 2 15 49 2 2 1 2 40 100 2 91 2 2 41 2 87 2 2 69 15 3 3 83 3 3 2 3 3 3 3 3 3 3 3 3 3 3 3 1 45 3 45 3 94 
1.0 2.0 10.0 2.0 4.0 5.0 1.0 2.0 5.0 1.0 2.0 7.0 1.0 2.0 5.0 1.0 2.0 5.0 1.0 2.0 5.0 2.0 2.0 12.0 1.0 2.0 6.0 1.0 2.0 15.0 3.0 2.0 10.0 3.0 2.0 7.0 2.0 3.0 5.0 1.0 2.0 15.0 1.0 2.0 5.0 3.0 2.0 5.0 1.0 2.0 5.0 1.0 2.0 5.0 1.0 2.0 5.0 1.0 2.0 5.0 2.0 2.0 5.0 1.0 2.0 10.0 1.0 2.0 5.0 1.0 2.0 5.0 1.0 2.0 5.0 1.0 2.0 5.0 1.0 4.0 14.0 1.0 2.0 10.0 1.0 2.0 5.0 2.0 2.0 5.0 2.0 4.0 15.0 1.0 2.0 5.0 3.0 5.0 5.0 1.0 
44.0 85.0 49.0 87.0 

nodesExpanded : 751
elapsed time: 112
java Main 100000	10	5	0.01

0 0 0 0 0 0 0 0 0 0 0 0 0 0 0 0 0 0 0 0 0 0 0 0 0 1 1 1 1 1 1 1 1 1 1 1 1 1 1 1 1 1 1 1 1 1 1 1 1 1 2 2 2 2 2 2 2 2 2 2 2 2 2 2 2 2 2 2 2 2 2 2 2 2 2 3 3 3 3 3 3 3 3 3 3 3 3 3 3 3 3 3 3 3 3 3 3 3 3 3 
1.0 2.0 5.0 1.0 2.0 5.0 1.0 2.0 5.0 1.0 2.0 5.0 1.0 2.0 5.0 1.0 2.0 5.0 1.0 2.0 5.0 1.0 2.0 5.0 1.0 2.0 5.0 1.0 2.0 5.0 1.0 2.0 5.0 1.0 2.0 5.0 1.0 2.0 5.0 1.0 2.0 5.0 1.0 2.0 5.0 1.0 2.0 5.0 1.0 2.0 5.0 1.0 2.0 5.0 1.0 2.0 5.0 1.0 2.0 5.0 1.0 2.0 5.0 1.0 2.0 5.0 1.0 2.0 5.0 1.0 2.0 5.0 1.0 2.0 5.0 1.0 2.0 5.0 1.0 2.0 5.0 1.0 2.0 5.0 1.0 2.0 5.0 1.0 2.0 5.0 1.0 2.0 5.0 1.0 2.0 5.0 1.0 2.0 5.0 1.0 
65.0 66.0 69.0 65.0  se puede conectar en todos nodo
67 19 57 72 24 45 42 40 39 7 75 1 103 2 27 0 86 78 1 100 1 55 64 1 14 0 72 22 85 1 78 80 96 0 73 3 3 8 75 27 47 3 2 1 51 13 43 0 36 3 9 56 3 93 34 41 87 103 52 60 81 102 84 37 94 2 0 96 1 1 81 3 20 2 1 78 3 2 10 56 3 17 81 2 79 53 51 0 2 1 0 3 3 34 44 12 3 30 15 15 
1.0 2.0 5.0 3.0 6.0 10.0 2.0 2.0 10.0 2.0 3.0 15.0 1.0 5.0 5.0 3.0 3.0 5.0 2.0 2.0 11.0 1.0 2.0 13.0 1.0 2.0 7.0 1.0 2.0 5.0 3.0 2.0 8.0 3.0 2.0 15.0 3.0 4.0 7.0 3.0 4.0 15.0 1.0 6.0 5.0 1.0 2.0 15.0 3.0 4.0 5.0 2.0 6.0 10.0 1.0 2.0 10.0 1.0 2.0 5.0 3.0 2.0 5.0 2.0 2.0 5.0 1.0 2.0 15.0 3.0 2.0 15.0 1.0 2.0 15.0 2.0 4.0 15.0 1.0 2.0 10.0 3.0 5.0 15.0 1.0 2.0 5.0 1.0 2.0 15.0 3.0 2.0 15.0 1.0 2.0 5.0 3.0 2.0 7.0 3.0 
28.0 100.0 45.0 92.0 

nodesExpanded : 74521
elapsed time: 1400
java Main 100000	10	5	0.01

0 0 0 0 0 0 0 0 0 0 0 0 0 0 0 0 0 0 0 0 0 0 0 0 0 1 1 1 1 1 1 1 1 1 1 1 1 1 1 1 1 1 1 1 1 1 1 1 1 1 2 2 2 2 2 2 2 2 2 2 2 2 2 2 2 2 2 2 2 2 2 2 2 2 2 3 3 3 3 3 3 3 3 3 3 3 3 3 3 3 3 3 3 3 3 3 3 3 3 3 
1.0 2.0 5.0 1.0 2.0 5.0 1.0 2.0 5.0 1.0 2.0 5.0 1.0 2.0 5.0 1.0 2.0 5.0 1.0 2.0 5.0 1.0 2.0 5.0 1.0 2.0 5.0 1.0 2.0 5.0 1.0 2.0 5.0 1.0 2.0 5.0 1.0 2.0 5.0 1.0 2.0 5.0 1.0 2.0 5.0 1.0 2.0 5.0 1.0 2.0 5.0 1.0 2.0 5.0 1.0 2.0 5.0 1.0 2.0 5.0 1.0 2.0 5.0 1.0 2.0 5.0 1.0 2.0 5.0 1.0 2.0 5.0 1.0 2.0 5.0 1.0 2.0 5.0 1.0 2.0 5.0 1.0 2.0 5.0 1.0 2.0 5.0 1.0 2.0 5.0 1.0 2.0 5.0 1.0 2.0 5.0 1.0 2.0 5.0 1.0 
65.0 66.0 69.0 65.0  se puede conectar en todos nodo
67 51 93 100 97 45 42 40 66 75 36 1 103 92 9 91 87 78 44 95 1 36 76 1 52 0 93 47 77 27 24 80 96 70 65 3 3 38 75 73 15 3 2 1 51 67 34 0 13 3 33 100 3 24 78 79 87 47 35 39 2 102 84 72 51 2 0 96 1 72 81 3 20 81 1 78 3 2 10 56 3 17 81 2 43 32 15 0 2 1 0 3 3 72 31 63 3 83 1 15 
1.0 2.0 5.0 1.0 2.0 10.0 2.0 2.0 5.0 3.0 2.0 15.0 1.0 3.0 5.0 1.0 5.0 5.0 1.0 2.0 13.0 1.0 2.0 15.0 1.0 2.0 5.0 3.0 4.0 10.0 3.0 4.0 8.0 1.0 4.0 15.0 3.0 2.0 7.0 2.0 3.0 15.0 1.0 6.0 5.0 1.0 2.0 14.0 2.0 2.0 5.0 1.0 6.0 5.0 1.0 2.0 5.0 1.0 2.0 10.0 1.0 6.0 10.0 3.0 2.0 5.0 2.0 2.0 14.0 3.0 2.0 15.0 3.0 6.0 14.0 3.0 6.0 15.0 1.0 4.0 15.0 1.0 2.0 15.0 1.0 2.0 5.0 2.0 5.0 15.0 1.0 4.0 15.0 3.0 2.0 5.0 3.0 2.0 11.0 2.0 
21.0 103.0 42.0 99.0 

nodesExpanded : 74521
elapsed time: 1061
java Main 100000	10	5	0.01

0 0 0 0 0 0 0 0 0 0 0 0 0 0 0 0 0 0 0 0 0 0 0 0 0 1 1 1 1 1 1 1 1 1 1 1 1 1 1 1 1 1 1 1 1 1 1 1 1 1 2 2 2 2 2 2 2 2 2 2 2 2 2 2 2 2 2 2 2 2 2 2 2 2 2 3 3 3 3 3 3 3 3 3 3 3 3 3 3 3 3 3 3 3 3 3 3 3 3 3 
1.0 2.0 5.0 1.0 2.0 5.0 1.0 2.0 5.0 1.0 2.0 5.0 1.0 2.0 5.0 1.0 2.0 5.0 1.0 2.0 5.0 1.0 2.0 5.0 1.0 2.0 5.0 1.0 2.0 5.0 1.0 2.0 5.0 1.0 2.0 5.0 1.0 2.0 5.0 1.0 2.0 5.0 1.0 2.0 5.0 1.0 2.0 5.0 1.0 2.0 5.0 1.0 2.0 5.0 1.0 2.0 5.0 1.0 2.0 5.0 1.0 2.0 5.0 1.0 2.0 5.0 1.0 2.0 5.0 1.0 2.0 5.0 1.0 2.0 5.0 1.0 2.0 5.0 1.0 2.0 5.0 1.0 2.0 5.0 1.0 2.0 5.0 1.0 2.0 5.0 1.0 2.0 5.0 1.0 2.0 5.0 1.0 2.0 5.0 1.0 
65.0 66.0 69.0 65.0  se puede conectar en todos nodo
37 51 33 70 78 93 25 40 66 55 75 1 103 2 33 91 64 24 47 56 1 23 60 1 35 0 45 44 77 1 78 75 3 0 58 3 3 8 39 8 15 3 2 1 3 4 73 0 13 3 57 3 3 27 24 21 96 47 101 39 2 1 36 7 51 2 0 100 1 1 2 3 60 17 1 34 3 2 26 3 3 92 81 81 43 53 51 0 2 72 0 86 3 34 22 30 3 14 15 15 
2.0 2.0 5.0 2.0 6.0 5.0 1.0 2.0 5.0 2.0 6.0 15.0 1.0 6.0 5.0 1.0 2.0 7.0 3.0 4.0 15.0 2.0 3.0 15.0 1.0 2.0 10.0 1.0 2.0 15.0 3.0 3.0 15.0 3.0 2.0 15.0 3.0 2.0 5.0 2.0 3.0 15.0 1.0 6.0 5.0 1.0 2.0 14.0 1.0 4.0 5.0 3.0 6.0 10.0 3.0 2.0 9.0 1.0 2.0 5.0 3.0 2.0 10.0 1.0 2.0 5.0 3.0 2.0 15.0 3.0 2.0 14.0 1.0 4.0 14.0 1.0 2.0 14.0 1.0 2.0 5.0 1.0 4.0 5.0 1.0 2.0 5.0 2.0 3.0 10.0 1.0 2.0 14.0 1.0 2.0 5.0 3.0 4.0 5.0 2.0 
25.0 100.0 34.0 106.0 

nodesExpanded : 74521
elapsed time: 1083
java Main 100000	10	5	0.01

0 0 0 0 0 0 0 0 0 0 0 0 0 0 0 0 0 0 0 0 0 0 0 0 0 1 1 1 1 1 1 1 1 1 1 1 1 1 1 1 1 1 1 1 1 1 1 1 1 1 2 2 2 2 2 2 2 2 2 2 2 2 2 2 2 2 2 2 2 2 2 2 2 2 2 3 3 3 3 3 3 3 3 3 3 3 3 3 3 3 3 3 3 3 3 3 3 3 3 3 
1.0 2.0 5.0 1.0 2.0 5.0 1.0 2.0 5.0 1.0 2.0 5.0 1.0 2.0 5.0 1.0 2.0 5.0 1.0 2.0 5.0 1.0 2.0 5.0 1.0 2.0 5.0 1.0 2.0 5.0 1.0 2.0 5.0 1.0 2.0 5.0 1.0 2.0 5.0 1.0 2.0 5.0 1.0 2.0 5.0 1.0 2.0 5.0 1.0 2.0 5.0 1.0 2.0 5.0 1.0 2.0 5.0 1.0 2.0 5.0 1.0 2.0 5.0 1.0 2.0 5.0 1.0 2.0 5.0 1.0 2.0 5.0 1.0 2.0 5.0 1.0 2.0 5.0 1.0 2.0 5.0 1.0 2.0 5.0 1.0 2.0 5.0 1.0 2.0 5.0 1.0 2.0 5.0 1.0 2.0 5.0 1.0 2.0 5.0 1.0 
65.0 66.0 69.0 65.0  se puede conectar en todos nodo
73 31 33 37 58 93 25 96 42 55 83 1 15 92 33 51 87 24 47 96 1 23 20 1 52 0 75 47 85 1 78 80 3 0 24 3 3 38 36 27 1 3 2 15 51 14 43 0 35 68 72 56 3 27 78 57 84 44 101 60 81 103 39 7 51 2 0 100 1 78 2 3 23 17 1 73 3 2 10 72 3 2 74 81 34 3 1 0 2 45 0 40 3 34 44 66 3 75 1 15 
1.0 2.0 5.0 2.0 2.0 5.0 2.0 2.0 5.0 1.0 3.0 15.0 1.0 4.0 5.0 1.0 4.0 5.0 1.0 6.0 14.0 3.0 2.0 15.0 1.0 2.0 5.0 3.0 2.0 15.0 3.0 4.0 15.0 3.0 4.0 15.0 3.0 2.0 10.0 3.0 5.0 15.0 1.0 6.0 5.0 1.0 2.0 15.0 2.0 2.0 5.0 2.0 4.0 7.0 3.0 2.0 10.0 1.0 2.0 5.0 1.0 2.0 10.0 1.0 4.0 5.0 1.0 2.0 15.0 3.0 4.0 14.0 1.0 2.0 14.0 1.0 6.0 15.0 1.0 5.0 15.0 3.0 2.0 9.0 1.0 2.0 5.0 1.0 6.0 10.0 1.0 2.0 13.0 1.0 2.0 5.0 3.0 4.0 5.0 3.0 
23.0 103.0 34.0 105.0 

nodesExpanded : 74521
elapsed time: 1103
java Main 100000	10	5	0.01

0 0 0 0 0 0 0 0 0 0 0 0 0 0 0 0 0 0 0 0 0 0 0 0 0 1 1 1 1 1 1 1 1 1 1 1 1 1 1 1 1 1 1 1 1 1 1 1 1 1 2 2 2 2 2 2 2 2 2 2 2 2 2 2 2 2 2 2 2 2 2 2 2 2 2 3 3 3 3 3 3 3 3 3 3 3 3 3 3 3 3 3 3 3 3 3 3 3 3 3 
1.0 2.0 5.0 1.0 2.0 5.0 1.0 2.0 5.0 1.0 2.0 5.0 1.0 2.0 5.0 1.0 2.0 5.0 1.0 2.0 5.0 1.0 2.0 5.0 1.0 2.0 5.0 1.0 2.0 5.0 1.0 2.0 5.0 1.0 2.0 5.0 1.0 2.0 5.0 1.0 2.0 5.0 1.0 2.0 5.0 1.0 2.0 5.0 1.0 2.0 5.0 1.0 2.0 5.0 1.0 2.0 5.0 1.0 2.0 5.0 1.0 2.0 5.0 1.0 2.0 5.0 1.0 2.0 5.0 1.0 2.0 5.0 1.0 2.0 5.0 1.0 2.0 5.0 1.0 2.0 5.0 1.0 2.0 5.0 1.0 2.0 5.0 1.0 2.0 5.0 1.0 2.0 5.0 1.0 2.0 5.0 1.0 2.0 5.0 1.0 
65.0 66.0 69.0 65.0  se puede conectar en todos nodo
100 51 18 72 24 33 80 96 45 7 83 1 15 2 93 51 87 78 47 71 1 23 76 1 35 0 75 44 85 27 72 45 3 70 43 3 3 34 66 8 1 3 2 15 3 4 58 0 80 3 30 3 3 78 24 24 87 47 14 36 81 103 39 37 19 81 0 96 1 72 86 3 20 2 1 73 56 2 25 3 3 17 81 2 79 53 51 0 2 1 0 40 3 7 22 63 3 35 1 15 
2.0 2.0 5.0 3.0 5.0 5.0 1.0 2.0 5.0 1.0 4.0 15.0 1.0 5.0 10.0 3.0 5.0 5.0 3.0 4.0 15.0 2.0 2.0 15.0 1.0 2.0 10.0 1.0 2.0 10.0 3.0 5.0 15.0 2.0 2.0 15.0 3.0 2.0 5.0 3.0 3.0 15.0 1.0 6.0 5.0 1.0 2.0 15.0 1.0 4.0 5.0 1.0 6.0 5.0 3.0 2.0 5.0 1.0 2.0 10.0 1.0 2.0 10.0 1.0 2.0 5.0 3.0 6.0 14.0 3.0 2.0 15.0 3.0 2.0 15.0 2.0 4.0 15.0 1.0 6.0 5.0 3.0 4.0 15.0 1.0 2.0 5.0 1.0 2.0 15.0 1.0 2.0 13.0 1.0 2.0 5.0 3.0 2.0 5.0 3.0 
22.0 97.0 40.0 106.0 

nodesExpanded : 74521
elapsed time: 1252
java Main 100000	10	5	0.01

0 0 0 0 0 0 0 0 0 0 0 0 0 0 0 0 0 0 0 0 0 0 0 0 0 1 1 1 1 1 1 1 1 1 1 1 1 1 1 1 1 1 1 1 1 1 1 1 1 1 2 2 2 2 2 2 2 2 2 2 2 2 2 2 2 2 2 2 2 2 2 2 2 2 2 3 3 3 3 3 3 3 3 3 3 3 3 3 3 3 3 3 3 3 3 3 3 3 3 3 
1.0 2.0 5.0 1.0 2.0 5.0 1.0 2.0 5.0 1.0 2.0 5.0 1.0 2.0 5.0 1.0 2.0 5.0 1.0 2.0 5.0 1.0 2.0 5.0 1.0 2.0 5.0 1.0 2.0 5.0 1.0 2.0 5.0 1.0 2.0 5.0 1.0 2.0 5.0 1.0 2.0 5.0 1.0 2.0 5.0 1.0 2.0 5.0 1.0 2.0 5.0 1.0 2.0 5.0 1.0 2.0 5.0 1.0 2.0 5.0 1.0 2.0 5.0 1.0 2.0 5.0 1.0 2.0 5.0 1.0 2.0 5.0 1.0 2.0 5.0 1.0 2.0 5.0 1.0 2.0 5.0 1.0 2.0 5.0 1.0 2.0 5.0 1.0 2.0 5.0 1.0 2.0 5.0 1.0 2.0 5.0 1.0 2.0 5.0 1.0 
65.0 66.0 69.0 65.0  se puede conectar en todos nodo
67 22 33 3 27 30 25 96 42 7 35 1 103 92 57 91 81 24 47 55 1 71 76 1 52 0 45 47 77 1 78 75 3 70 24 3 3 34 36 8 15 3 2 1 51 4 43 0 35 3 27 56 3 93 78 79 87 44 101 60 81 102 39 72 94 2 0 96 1 72 81 3 20 2 1 78 100 2 10 72 3 17 74 2 58 53 51 0 2 1 0 40 3 58 44 66 3 83 1 15 
2.0 2.0 5.0 2.0 5.0 5.0 2.0 2.0 5.0 1.0 2.0 12.0 1.0 3.0 5.0 1.0 5.0 5.0 3.0 2.0 12.0 3.0 2.0 15.0 1.0 2.0 10.0 1.0 2.0 10.0 3.0 6.0 15.0 1.0 2.0 15.0 3.0 2.0 10.0 3.0 5.0 15.0 1.0 6.0 5.0 1.0 2.0 15.0 2.0 4.0 5.0 3.0 5.0 10.0 3.0 2.0 10.0 1.0 2.0 5.0 1.0 2.0 10.0 3.0 2.0 5.0 2.0 5.0 15.0 1.0 4.0 11.0 3.0 4.0 14.0 3.0 2.0 15.0 1.0 6.0 5.0 1.0 2.0 15.0 1.0 2.0 5.0 2.0 5.0 15.0 3.0 2.0 12.0 1.0 2.0 5.0 3.0 4.0 7.0 2.0 
24.0 106.0 45.0 90.0 

nodesExpanded : 74521
elapsed time: 1135
java Main 100000	10	5	0.01

0 0 0 0 0 0 0 0 0 0 0 0 0 0 0 0 0 0 0 0 0 0 0 0 0 1 1 1 1 1 1 1 1 1 1 1 1 1 1 1 1 1 1 1 1 1 1 1 1 1 2 2 2 2 2 2 2 2 2 2 2 2 2 2 2 2 2 2 2 2 2 2 2 2 2 3 3 3 3 3 3 3 3 3 3 3 3 3 3 3 3 3 3 3 3 3 3 3 3 3 
1.0 2.0 5.0 1.0 2.0 5.0 1.0 2.0 5.0 1.0 2.0 5.0 1.0 2.0 5.0 1.0 2.0 5.0 1.0 2.0 5.0 1.0 2.0 5.0 1.0 2.0 5.0 1.0 2.0 5.0 1.0 2.0 5.0 1.0 2.0 5.0 1.0 2.0 5.0 1.0 2.0 5.0 1.0 2.0 5.0 1.0 2.0 5.0 1.0 2.0 5.0 1.0 2.0 5.0 1.0 2.0 5.0 1.0 2.0 5.0 1.0 2.0 5.0 1.0 2.0 5.0 1.0 2.0 5.0 1.0 2.0 5.0 1.0 2.0 5.0 1.0 2.0 5.0 1.0 2.0 5.0 1.0 2.0 5.0 1.0 2.0 5.0 1.0 2.0 5.0 1.0 2.0 5.0 1.0 2.0 5.0 1.0 2.0 5.0 1.0 
65.0 66.0 69.0 65.0  se puede conectar en todos nodo
37 22 27 100 78 30 66 95 39 23 13 1 103 2 27 0 64 24 47 96 1 23 76 1 10 0 45 47 77 93 78 83 3 0 97 3 3 8 75 73 1 3 2 15 51 4 79 0 75 3 93 56 3 72 78 41 87 103 52 84 81 102 36 7 19 2 0 55 1 72 81 3 60 17 1 24 36 2 10 3 3 92 81 2 58 53 51 0 2 1 0 96 3 72 44 12 3 75 1 15 
2.0 2.0 5.0 2.0 6.0 5.0 3.0 2.0 10.0 3.0 2.0 14.0 1.0 6.0 5.0 3.0 2.0 5.0 3.0 6.0 13.0 1.0 2.0 15.0 1.0 2.0 10.0 1.0 2.0 5.0 1.0 2.0 15.0 3.0 2.0 15.0 1.0 4.0 5.0 1.0 4.0 15.0 1.0 6.0 5.0 1.0 2.0 15.0 3.0 4.0 5.0 3.0 5.0 5.0 2.0 2.0 8.0 1.0 2.0 5.0 3.0 2.0 8.0 1.0 2.0 5.0 1.0 2.0 15.0 2.0 2.0 15.0 3.0 4.0 14.0 3.0 2.0 12.0 1.0 4.0 10.0 1.0 2.0 13.0 1.0 2.0 5.0 1.0 3.0 15.0 1.0 4.0 15.0 3.0 2.0 5.0 3.0 2.0 7.0 3.0 
26.0 97.0 40.0 102.0 

nodesExpanded : 74521
elapsed time: 1348
java Main 100000	10	5	0.01

0 0 0 0 0 0 0 0 0 0 0 0 0 0 0 0 0 0 0 0 0 0 0 0 0 1 1 1 1 1 1 1 1 1 1 1 1 1 1 1 1 1 1 1 1 1 1 1 1 1 2 2 2 2 2 2 2 2 2 2 2 2 2 2 2 2 2 2 2 2 2 2 2 2 2 3 3 3 3 3 3 3 3 3 3 3 3 3 3 3 3 3 3 3 3 3 3 3 3 3 
1.0 2.0 5.0 1.0 2.0 5.0 1.0 2.0 5.0 1.0 2.0 5.0 1.0 2.0 5.0 1.0 2.0 5.0 1.0 2.0 5.0 1.0 2.0 5.0 1.0 2.0 5.0 1.0 2.0 5.0 1.0 2.0 5.0 1.0 2.0 5.0 1.0 2.0 5.0 1.0 2.0 5.0 1.0 2.0 5.0 1.0 2.0 5.0 1.0 2.0 5.0 1.0 2.0 5.0 1.0 2.0 5.0 1.0 2.0 5.0 1.0 2.0 5.0 1.0 2.0 5.0 1.0 2.0 5.0 1.0 2.0 5.0 1.0 2.0 5.0 1.0 2.0 5.0 1.0 2.0 5.0 1.0 2.0 5.0 1.0 2.0 5.0 1.0 2.0 5.0 1.0 2.0 5.0 1.0 2.0 5.0 1.0 2.0 5.0 1.0 
65.0 66.0 69.0 65.0  se puede conectar en todos nodo
7 19 57 37 24 27 25 69 36 83 83 1 103 92 93 51 64 27 47 3 102 23 76 1 14 0 75 22 17 1 78 80 3 0 34 84 3 8 39 79 15 3 2 1 3 30 73 0 35 3 93 100 3 45 65 97 87 44 101 3 2 78 96 72 51 81 0 56 1 1 2 3 60 81 1 78 96 2 10 72 3 77 74 2 58 53 51 0 2 1 0 40 3 72 47 12 3 75 1 15 
1.0 2.0 5.0 2.0 4.0 5.0 2.0 2.0 10.0 1.0 3.0 10.0 1.0 4.0 5.0 3.0 2.0 5.0 2.0 5.0 9.0 3.0 2.0 15.0 1.0 2.0 6.0 1.0 2.0 5.0 3.0 3.0 15.0 3.0 2.0 10.0 3.0 2.0 5.0 1.0 3.0 15.0 1.0 6.0 5.0 1.0 2.0 15.0 1.0 4.0 5.0 1.0 4.0 10.0 2.0 2.0 8.0 1.0 2.0 5.0 3.0 4.0 5.0 1.0 2.0 7.0 1.0 2.0 15.0 3.0 4.0 15.0 3.0 3.0 14.0 2.0 5.0 15.0 1.0 6.0 15.0 1.0 2.0 13.0 1.0 2.0 5.0 1.0 6.0 15.0 1.0 2.0 15.0 3.0 2.0 5.0 2.0 4.0 14.0 2.0 
23.0 97.0 42.0 103.0 

nodesExpanded : 74521
elapsed time: 1074
java Main 100000	10	5	0.01

0 0 0 0 0 0 0 0 0 0 0 0 0 0 0 0 0 0 0 0 0 0 0 0 0 1 1 1 1 1 1 1 1 1 1 1 1 1 1 1 1 1 1 1 1 1 1 1 1 1 2 2 2 2 2 2 2 2 2 2 2 2 2 2 2 2 2 2 2 2 2 2 2 2 2 3 3 3 3 3 3 3 3 3 3 3 3 3 3 3 3 3 3 3 3 3 3 3 3 3 
1.0 2.0 5.0 1.0 2.0 5.0 1.0 2.0 5.0 1.0 2.0 5.0 1.0 2.0 5.0 1.0 2.0 5.0 1.0 2.0 5.0 1.0 2.0 5.0 1.0 2.0 5.0 1.0 2.0 5.0 1.0 2.0 5.0 1.0 2.0 5.0 1.0 2.0 5.0 1.0 2.0 5.0 1.0 2.0 5.0 1.0 2.0 5.0 1.0 2.0 5.0 1.0 2.0 5.0 1.0 2.0 5.0 1.0 2.0 5.0 1.0 2.0 5.0 1.0 2.0 5.0 1.0 2.0 5.0 1.0 2.0 5.0 1.0 2.0 5.0 1.0 2.0 5.0 1.0 2.0 5.0 1.0 2.0 5.0 1.0 2.0 5.0 1.0 2.0 5.0 1.0 2.0 5.0 1.0 2.0 5.0 1.0 2.0 5.0 1.0 
65.0 66.0 69.0 65.0  se puede conectar en todos nodo
37 51 33 3 78 30 80 96 36 75 45 1 103 92 9 51 86 24 44 96 1 36 20 1 12 0 1 47 17 27 78 13 3 70 8 3 3 21 84 79 1 3 2 1 51 67 73 0 67 3 45 56 3 72 65 58 96 47 28 66 2 102 39 72 19 2 0 100 1 1 81 3 60 81 1 34 56 2 25 7 3 2 81 2 38 53 1 0 2 75 0 40 3 72 31 42 3 75 15 1 
1.0 2.0 5.0 3.0 5.0 10.0 1.0 2.0 8.0 3.0 2.0 15.0 1.0 4.0 5.0 3.0 4.0 7.0 1.0 2.0 12.0 2.0 2.0 15.0 3.0 2.0 15.0 3.0 2.0 10.0 3.0 2.0 15.0 2.0 3.0 15.0 3.0 2.0 10.0 1.0 3.0 12.0 1.0 6.0 5.0 1.0 2.0 15.0 1.0 4.0 5.0 1.0 6.0 5.0 3.0 2.0 6.0 1.0 2.0 5.0 1.0 5.0 10.0 3.0 2.0 5.0 3.0 2.0 14.0 3.0 2.0 15.0 1.0 2.0 13.0 2.0 3.0 15.0 1.0 2.0 15.0 1.0 6.0 5.0 1.0 2.0 5.0 1.0 6.0 5.0 1.0 2.0 15.0 1.0 2.0 5.0 3.0 2.0 10.0 2.0 
22.0 103.0 34.0 106.0 

nodesExpanded : 74521
elapsed time: 1322
java Main 100000	10	5	0.01

0 0 0 0 0 0 0 0 0 0 0 0 0 0 0 0 0 0 0 0 0 0 0 0 0 1 1 1 1 1 1 1 1 1 1 1 1 1 1 1 1 1 1 1 1 1 1 1 1 1 2 2 2 2 2 2 2 2 2 2 2 2 2 2 2 2 2 2 2 2 2 2 2 2 2 3 3 3 3 3 3 3 3 3 3 3 3 3 3 3 3 3 3 3 3 3 3 3 3 3 
1.0 2.0 5.0 1.0 2.0 5.0 1.0 2.0 5.0 1.0 2.0 5.0 1.0 2.0 5.0 1.0 2.0 5.0 1.0 2.0 5.0 1.0 2.0 5.0 1.0 2.0 5.0 1.0 2.0 5.0 1.0 2.0 5.0 1.0 2.0 5.0 1.0 2.0 5.0 1.0 2.0 5.0 1.0 2.0 5.0 1.0 2.0 5.0 1.0 2.0 5.0 1.0 2.0 5.0 1.0 2.0 5.0 1.0 2.0 5.0 1.0 2.0 5.0 1.0 2.0 5.0 1.0 2.0 5.0 1.0 2.0 5.0 1.0 2.0 5.0 1.0 2.0 5.0 1.0 2.0 5.0 1.0 2.0 5.0 1.0 2.0 5.0 1.0 2.0 5.0 1.0 2.0 5.0 1.0 2.0 5.0 1.0 2.0 5.0 1.0 
65.0 66.0 69.0 65.0  se puede conectar en todos nodo
37 19 27 70 24 45 25 95 45 7 35 1 15 92 33 0 87 102 47 71 1 36 76 1 52 0 36 22 17 78 73 75 3 0 97 3 3 43 66 27 15 3 2 15 51 4 8 0 35 3 57 100 3 93 24 50 96 47 67 84 81 103 39 72 94 81 0 3 1 72 81 3 20 2 1 34 23 2 10 56 3 2 74 2 58 53 51 0 2 1 0 96 3 72 44 63 3 83 1 1 
2.0 2.0 5.0 2.0 6.0 5.0 2.0 2.0 5.0 1.0 2.0 15.0 1.0 4.0 5.0 3.0 5.0 5.0 2.0 4.0 13.0 3.0 2.0 13.0 1.0 2.0 5.0 1.0 2.0 10.0 2.0 6.0 13.0 3.0 2.0 15.0 1.0 2.0 5.0 3.0 4.0 15.0 1.0 5.0 5.0 1.0 4.0 15.0 2.0 4.0 5.0 1.0 6.0 10.0 2.0 2.0 5.0 1.0 2.0 10.0 1.0 2.0 10.0 3.0 2.0 5.0 3.0 6.0 14.0 3.0 4.0 11.0 3.0 2.0 15.0 1.0 2.0 15.0 1.0 4.0 15.0 1.0 2.0 10.0 1.0 2.0 5.0 1.0 6.0 15.0 3.0 4.0 14.0 3.0 2.0 5.0 2.0 2.0 10.0 3.0 
30.0 98.0 35.0 102.0 

nodesExpanded : 74521
elapsed time: 1296
java Main 100000	10	5	0.01

0 0 0 0 0 0 0 0 0 0 0 0 0 0 0 0 0 0 0 0 0 0 0 0 0 1 1 1 1 1 1 1 1 1 1 1 1 1 1 1 1 1 1 1 1 1 1 1 1 1 2 2 2 2 2 2 2 2 2 2 2 2 2 2 2 2 2 2 2 2 2 2 2 2 2 3 3 3 3 3 3 3 3 3 3 3 3 3 3 3 3 3 3 3 3 3 3 3 3 3 
1.0 2.0 5.0 1.0 2.0 5.0 1.0 2.0 5.0 1.0 2.0 5.0 1.0 2.0 5.0 1.0 2.0 5.0 1.0 2.0 5.0 1.0 2.0 5.0 1.0 2.0 5.0 1.0 2.0 5.0 1.0 2.0 5.0 1.0 2.0 5.0 1.0 2.0 5.0 1.0 2.0 5.0 1.0 2.0 5.0 1.0 2.0 5.0 1.0 2.0 5.0 1.0 2.0 5.0 1.0 2.0 5.0 1.0 2.0 5.0 1.0 2.0 5.0 1.0 2.0 5.0 1.0 2.0 5.0 1.0 2.0 5.0 1.0 2.0 5.0 1.0 2.0 5.0 1.0 2.0 5.0 1.0 2.0 5.0 1.0 2.0 5.0 1.0 2.0 5.0 1.0 2.0 5.0 1.0 2.0 5.0 1.0 2.0 5.0 1.0 
65.0 66.0 69.0 65.0  se puede conectar en todos nodo
72 19 33 70 78 45 25 69 75 36 35 1 103 2 93 51 81 24 44 3 102 23 64 1 14 0 72 47 17 1 78 75 3 0 27 36 3 58 84 34 15 3 2 1 3 4 8 0 80 3 9 56 3 27 78 57 87 47 101 60 2 15 96 7 51 81 0 100 1 72 17 3 20 2 1 73 56 2 10 37 3 92 2 2 43 53 51 0 2 1 0 40 3 73 31 66 3 36 1 15 
2.0 2.0 5.0 2.0 4.0 10.0 2.0 2.0 5.0 1.0 3.0 12.0 1.0 6.0 5.0 3.0 3.0 5.0 1.0 5.0 10.0 3.0 2.0 14.0 1.0 2.0 5.0 3.0 2.0 10.0 3.0 5.0 15.0 3.0 2.0 5.0 3.0 2.0 5.0 2.0 3.0 15.0 1.0 6.0 5.0 1.0 2.0 15.0 1.0 4.0 5.0 1.0 6.0 7.0 3.0 2.0 10.0 1.0 2.0 5.0 3.0 2.0 10.0 1.0 2.0 7.0 3.0 2.0 15.0 3.0 2.0 15.0 1.0 2.0 15.0 1.0 3.0 15.0 1.0 2.0 10.0 1.0 2.0 15.0 1.0 2.0 5.0 1.0 3.0 10.0 1.0 2.0 15.0 1.0 2.0 5.0 3.0 4.0 15.0 2.0 
25.0 97.0 47.0 96.0 

nodesExpanded : 74521
elapsed time: 1461
java Main 100000	10	25	0.001

0 0 0 0 0 0 0 0 0 0 0 0 0 0 0 0 0 0 0 0 0 0 0 0 0 1 1 1 1 1 1 1 1 1 1 1 1 1 1 1 1 1 1 1 1 1 1 1 1 1 2 2 2 2 2 2 2 2 2 2 2 2 2 2 2 2 2 2 2 2 2 2 2 2 2 3 3 3 3 3 3 3 3 3 3 3 3 3 3 3 3 3 3 3 3 3 3 3 3 3 
1.0 2.0 5.0 1.0 2.0 5.0 1.0 2.0 5.0 1.0 2.0 5.0 1.0 2.0 5.0 1.0 2.0 5.0 1.0 2.0 5.0 1.0 2.0 5.0 1.0 2.0 5.0 1.0 2.0 5.0 1.0 2.0 5.0 1.0 2.0 5.0 1.0 2.0 5.0 1.0 2.0 5.0 1.0 2.0 5.0 1.0 2.0 5.0 1.0 2.0 5.0 1.0 2.0 5.0 1.0 2.0 5.0 1.0 2.0 5.0 1.0 2.0 5.0 1.0 2.0 5.0 1.0 2.0 5.0 1.0 2.0 5.0 1.0 2.0 5.0 1.0 2.0 5.0 1.0 2.0 5.0 1.0 2.0 5.0 1.0 2.0 5.0 1.0 2.0 5.0 1.0 2.0 5.0 1.0 2.0 5.0 1.0 2.0 5.0 1.0 
65.0 66.0 69.0 65.0  se puede conectar en todos nodo
97 51 93 37 27 45 25 96 42 83 75 1 15 2 9 51 81 27 1 71 1 36 76 1 52 0 1 44 77 1 15 23 3 70 78 3 3 88 39 8 47 3 2 15 51 67 58 0 80 3 33 100 3 30 78 43 84 44 14 36 2 103 75 72 19 81 0 96 1 72 2 3 20 17 1 34 56 2 10 72 87 92 74 2 78 53 1 0 2 24 0 40 3 73 22 54 3 13 1 1 
1.0 2.0 5.0 1.0 5.0 10.0 2.0 2.0 5.0 3.0 4.0 14.0 1.0 6.0 5.0 3.0 5.0 5.0 3.0 4.0 15.0 3.0 2.0 15.0 1.0 2.0 10.0 1.0 2.0 15.0 2.0 2.0 13.0 2.0 2.0 15.0 3.0 2.0 10.0 3.0 4.0 15.0 1.0 6.0 5.0 1.0 2.0 15.0 2.0 4.0 10.0 1.0 6.0 5.0 3.0 2.0 5.0 1.0 2.0 5.0 1.0 2.0 5.0 2.0 2.0 5.0 3.0 6.0 15.0 3.0 4.0 14.0 3.0 4.0 13.0 1.0 4.0 15.0 1.0 5.0 10.0 1.0 2.0 15.0 3.0 2.0 5.0 1.0 3.0 10.0 1.0 2.0 13.0 2.0 2.0 5.0 2.0 2.0 5.0 3.0 
22.0 113.0 45.0 85.0 

nodesExpanded : 100001
elapsed time: 1712
java Main 100000	10	25	1

0 0 0 0 0 0 0 0 0 0 0 0 0 0 0 0 0 0 0 0 0 0 0 0 0 1 1 1 1 1 1 1 1 1 1 1 1 1 1 1 1 1 1 1 1 1 1 1 1 1 2 2 2 2 2 2 2 2 2 2 2 2 2 2 2 2 2 2 2 2 2 2 2 2 2 3 3 3 3 3 3 3 3 3 3 3 3 3 3 3 3 3 3 3 3 3 3 3 3 3 
1.0 2.0 5.0 1.0 2.0 5.0 1.0 2.0 5.0 1.0 2.0 5.0 1.0 2.0 5.0 1.0 2.0 5.0 1.0 2.0 5.0 1.0 2.0 5.0 1.0 2.0 5.0 1.0 2.0 5.0 1.0 2.0 5.0 1.0 2.0 5.0 1.0 2.0 5.0 1.0 2.0 5.0 1.0 2.0 5.0 1.0 2.0 5.0 1.0 2.0 5.0 1.0 2.0 5.0 1.0 2.0 5.0 1.0 2.0 5.0 1.0 2.0 5.0 1.0 2.0 5.0 1.0 2.0 5.0 1.0 2.0 5.0 1.0 2.0 5.0 1.0 2.0 5.0 1.0 2.0 5.0 1.0 2.0 5.0 1.0 2.0 5.0 1.0 2.0 5.0 1.0 2.0 5.0 1.0 2.0 5.0 1.0 2.0 5.0 1.0 
65.0 66.0 69.0 65.0  se puede conectar en todos nodo
0 0 45 0 0 0 52 0 60 83 23 0 0 53 0 0 86 15 44 69 0 84 36 1 4 1 1 1 94 1 1 1 1 1 1 1 1 1 39 1 1 1 95 1 96 34 1 1 100 1 36 29 96 69 97 27 2 19 83 2 2 16 2 45 29 2 19 77 2 0 2 2 96 2 1 33 3 3 66 3 3 86 3 3 8 3 3 3 87 3 3 3 3 3 3 3 3 80 24 3 
2.0 2.0 5.0 1.0 3.0 5.0 1.0 2.0 5.0 1.0 2.0 10.0 3.0 2.0 5.0 3.0 2.0 5.0 1.0 4.0 10.0 1.0 2.0 7.0 1.0 5.0 5.0 1.0 2.0 6.0 2.0 2.0 12.0 1.0 2.0 10.0 1.0 2.0 5.0 1.0 3.0 11.0 1.0 2.0 5.0 1.0 2.0 5.0 2.0 4.0 5.0 1.0 2.0 5.0 1.0 2.0 10.0 1.0 2.0 5.0 1.0 2.0 6.0 1.0 2.0 14.0 1.0 2.0 5.0 1.0 2.0 5.0 1.0 4.0 5.0 1.0 4.0 5.0 1.0 5.0 6.0 1.0 5.0 7.0 1.0 2.0 5.0 1.0 2.0 5.0 3.0 3.0 13.0 2.0 2.0 5.0 3.0 2.0 5.0 1.0 
47.0 89.0 52.0 77.0 

nodesExpanded : 751
elapsed time: 106
java Main 100000	10	25	1

0 0 0 0 0 0 0 0 0 0 0 0 0 0 0 0 0 0 0 0 0 0 0 0 0 1 1 1 1 1 1 1 1 1 1 1 1 1 1 1 1 1 1 1 1 1 1 1 1 1 2 2 2 2 2 2 2 2 2 2 2 2 2 2 2 2 2 2 2 2 2 2 2 2 2 3 3 3 3 3 3 3 3 3 3 3 3 3 3 3 3 3 3 3 3 3 3 3 3 3 
1.0 2.0 5.0 1.0 2.0 5.0 1.0 2.0 5.0 1.0 2.0 5.0 1.0 2.0 5.0 1.0 2.0 5.0 1.0 2.0 5.0 1.0 2.0 5.0 1.0 2.0 5.0 1.0 2.0 5.0 1.0 2.0 5.0 1.0 2.0 5.0 1.0 2.0 5.0 1.0 2.0 5.0 1.0 2.0 5.0 1.0 2.0 5.0 1.0 2.0 5.0 1.0 2.0 5.0 1.0 2.0 5.0 1.0 2.0 5.0 1.0 2.0 5.0 1.0 2.0 5.0 1.0 2.0 5.0 1.0 2.0 5.0 1.0 2.0 5.0 1.0 2.0 5.0 1.0 2.0 5.0 1.0 2.0 5.0 1.0 2.0 5.0 1.0 2.0 5.0 1.0 2.0 5.0 1.0 2.0 5.0 1.0 2.0 5.0 1.0 
65.0 66.0 69.0 65.0  se puede conectar en todos nodo
0 0 1 0 34 27 80 0 0 0 80 0 0 0 0 0 0 0 0 0 15 10 56 0 93 1 1 1 55 1 1 60 84 1 1 1 1 103 36 1 1 1 20 1 3 30 1 1 45 89 2 3 45 2 43 97 2 16 50 12 2 98 2 100 94 2 100 1 39 37 2 96 74 2 18 15 3 3 87 3 3 3 3 3 93 3 1 3 3 3 3 96 3 83 3 9 3 93 3 15 
1.0 2.0 5.0 1.0 2.0 10.0 2.0 2.0 10.0 1.0 2.0 14.0 2.0 2.0 10.0 1.0 3.0 5.0 1.0 2.0 5.0 1.0 2.0 15.0 1.0 2.0 6.0 1.0 2.0 5.0 3.0 2.0 10.0 2.0 2.0 10.0 1.0 2.0 5.0 2.0 2.0 10.0 1.0 2.0 5.0 1.0 4.0 5.0 1.0 2.0 5.0 3.0 4.0 5.0 1.0 2.0 7.0 1.0 2.0 5.0 1.0 2.0 5.0 1.0 2.0 5.0 1.0 2.0 5.0 1.0 3.0 5.0 1.0 2.0 5.0 1.0 6.0 5.0 1.0 5.0 15.0 1.0 2.0 6.0 1.0 4.0 5.0 1.0 2.0 9.0 3.0 2.0 12.0 3.0 4.0 5.0 3.0 2.0 5.0 3.0 
72.0 69.0 33.0 91.0 

nodesExpanded : 751
elapsed time: 97
java Main 100000	10	25	1

0 0 0 0 0 0 0 0 0 0 0 0 0 0 0 0 0 0 0 0 0 0 0 0 0 1 1 1 1 1 1 1 1 1 1 1 1 1 1 1 1 1 1 1 1 1 1 1 1 1 2 2 2 2 2 2 2 2 2 2 2 2 2 2 2 2 2 2 2 2 2 2 2 2 2 3 3 3 3 3 3 3 3 3 3 3 3 3 3 3 3 3 3 3 3 3 3 3 3 3 
1.0 2.0 5.0 1.0 2.0 5.0 1.0 2.0 5.0 1.0 2.0 5.0 1.0 2.0 5.0 1.0 2.0 5.0 1.0 2.0 5.0 1.0 2.0 5.0 1.0 2.0 5.0 1.0 2.0 5.0 1.0 2.0 5.0 1.0 2.0 5.0 1.0 2.0 5.0 1.0 2.0 5.0 1.0 2.0 5.0 1.0 2.0 5.0 1.0 2.0 5.0 1.0 2.0 5.0 1.0 2.0 5.0 1.0 2.0 5.0 1.0 2.0 5.0 1.0 2.0 5.0 1.0 2.0 5.0 1.0 2.0 5.0 1.0 2.0 5.0 1.0 2.0 5.0 1.0 2.0 5.0 1.0 2.0 5.0 1.0 2.0 5.0 1.0 2.0 5.0 1.0 2.0 5.0 1.0 2.0 5.0 1.0 2.0 5.0 1.0 
65.0 66.0 69.0 65.0  se puede conectar en todos nodo
0 98 0 0 0 33 49 87 9 0 0 0 0 69 0 0 96 27 29 7 0 4 86 1 67 1 1 1 89 1 1 1 1 29 8 1 1 1 3 1 1 1 85 1 96 80 1 1 37 1 1 74 1 36 67 47 2 100 96 99 2 98 30 45 1 2 47 2 1 55 2 45 69 2 15 15 3 69 45 3 3 3 2 3 3 3 3 3 64 3 3 3 3 29 0 42 3 13 3 3 
2.0 2.0 5.0 3.0 4.0 10.0 1.0 2.0 5.0 3.0 2.0 11.0 1.0 2.0 5.0 1.0 2.0 5.0 1.0 2.0 5.0 1.0 2.0 10.0 1.0 6.0 10.0 1.0 2.0 15.0 1.0 2.0 10.0 2.0 2.0 5.0 1.0 2.0 15.0 1.0 2.0 14.0 1.0 5.0 5.0 2.0 2.0 5.0 1.0 2.0 5.0 2.0 2.0 5.0 1.0 2.0 5.0 1.0 2.0 5.0 3.0 2.0 5.0 3.0 2.0 13.0 1.0 2.0 5.0 1.0 4.0 5.0 1.0 2.0 5.0 1.0 4.0 5.0 1.0 2.0 5.0 2.0 4.0 7.0 1.0 4.0 5.0 1.0 2.0 5.0 1.0 2.0 14.0 1.0 6.0 10.0 2.0 2.0 5.0 1.0 
48.0 108.0 33.0 76.0 

nodesExpanded : 751
elapsed time: 99
java Main 100000	10	25	1

0 0 0 0 0 0 0 0 0 0 0 0 0 0 0 0 0 0 0 0 0 0 0 0 0 1 1 1 1 1 1 1 1 1 1 1 1 1 1 1 1 1 1 1 1 1 1 1 1 1 2 2 2 2 2 2 2 2 2 2 2 2 2 2 2 2 2 2 2 2 2 2 2 2 2 3 3 3 3 3 3 3 3 3 3 3 3 3 3 3 3 3 3 3 3 3 3 3 3 3 
1.0 2.0 5.0 1.0 2.0 5.0 1.0 2.0 5.0 1.0 2.0 5.0 1.0 2.0 5.0 1.0 2.0 5.0 1.0 2.0 5.0 1.0 2.0 5.0 1.0 2.0 5.0 1.0 2.0 5.0 1.0 2.0 5.0 1.0 2.0 5.0 1.0 2.0 5.0 1.0 2.0 5.0 1.0 2.0 5.0 1.0 2.0 5.0 1.0 2.0 5.0 1.0 2.0 5.0 1.0 2.0 5.0 1.0 2.0 5.0 1.0 2.0 5.0 1.0 2.0 5.0 1.0 2.0 5.0 1.0 2.0 5.0 1.0 2.0 5.0 1.0 2.0 5.0 1.0 2.0 5.0 1.0 2.0 5.0 1.0 2.0 5.0 1.0 2.0 5.0 1.0 2.0 5.0 1.0 2.0 5.0 1.0 2.0 5.0 1.0 
65.0 66.0 69.0 65.0  se puede conectar en todos nodo
0 0 0 0 7 1 13 0 0 96 45 0 0 64 0 0 23 0 31 3 1 96 80 0 45 1 1 1 5 1 1 23 1 1 1 1 1 24 3 34 1 1 69 1 0 27 1 1 37 1 51 96 69 45 34 38 2 98 42 2 2 79 93 83 44 2 91 74 84 0 2 33 2 2 3 29 3 3 100 3 3 86 3 3 24 3 3 3 74 3 3 3 3 33 3 3 3 14 3 94 
1.0 4.0 5.0 3.0 2.0 5.0 1.0 2.0 5.0 2.0 4.0 5.0 1.0 2.0 5.0 1.0 2.0 5.0 1.0 6.0 8.0 1.0 2.0 6.0 1.0 5.0 5.0 2.0 2.0 11.0 3.0 2.0 5.0 2.0 4.0 5.0 1.0 2.0 7.0 1.0 4.0 15.0 1.0 2.0 5.0 1.0 2.0 10.0 1.0 2.0 5.0 1.0 2.0 5.0 1.0 2.0 5.0 1.0 2.0 5.0 3.0 2.0 5.0 1.0 2.0 8.0 1.0 2.0 5.0 1.0 6.0 5.0 1.0 2.0 5.0 3.0 4.0 5.0 1.0 3.0 10.0 1.0 3.0 5.0 1.0 2.0 5.0 2.0 2.0 10.0 2.0 2.0 9.0 1.0 3.0 5.0 2.0 2.0 5.0 1.0 
49.0 91.0 30.0 95.0 

nodesExpanded : 751
elapsed time: 105
java Main 100000	10	25	1

0 0 0 0 0 0 0 0 0 0 0 0 0 0 0 0 0 0 0 0 0 0 0 0 0 1 1 1 1 1 1 1 1 1 1 1 1 1 1 1 1 1 1 1 1 1 1 1 1 1 2 2 2 2 2 2 2 2 2 2 2 2 2 2 2 2 2 2 2 2 2 2 2 2 2 3 3 3 3 3 3 3 3 3 3 3 3 3 3 3 3 3 3 3 3 3 3 3 3 3 
1.0 2.0 5.0 1.0 2.0 5.0 1.0 2.0 5.0 1.0 2.0 5.0 1.0 2.0 5.0 1.0 2.0 5.0 1.0 2.0 5.0 1.0 2.0 5.0 1.0 2.0 5.0 1.0 2.0 5.0 1.0 2.0 5.0 1.0 2.0 5.0 1.0 2.0 5.0 1.0 2.0 5.0 1.0 2.0 5.0 1.0 2.0 5.0 1.0 2.0 5.0 1.0 2.0 5.0 1.0 2.0 5.0 1.0 2.0 5.0 1.0 2.0 5.0 1.0 2.0 5.0 1.0 2.0 5.0 1.0 2.0 5.0 1.0 2.0 5.0 1.0 2.0 5.0 1.0 2.0 5.0 1.0 2.0 5.0 1.0 2.0 5.0 1.0 2.0 5.0 1.0 2.0 5.0 1.0 2.0 5.0 1.0 2.0 5.0 1.0 
65.0 66.0 69.0 65.0  se puede conectar en todos nodo
29 0 0 0 15 0 37 74 0 0 71 0 0 69 0 0 0 0 29 95 0 71 55 0 45 1 33 47 0 1 1 80 1 1 33 1 100 1 1 1 1 1 23 1 69 93 27 1 23 1 24 2 0 75 79 8 2 1 34 2 2 38 39 97 31 2 37 96 2 103 2 87 2 2 51 27 3 3 25 3 3 77 3 3 1 3 3 3 3 0 3 3 3 24 94 3 3 3 0 44 
1.0 2.0 5.0 1.0 4.0 5.0 1.0 2.0 5.0 1.0 2.0 9.0 1.0 2.0 5.0 1.0 2.0 5.0 1.0 4.0 12.0 2.0 2.0 9.0 1.0 4.0 5.0 3.0 2.0 14.0 3.0 2.0 5.0 3.0 4.0 10.0 1.0 2.0 5.0 1.0 4.0 6.0 1.0 5.0 5.0 1.0 2.0 10.0 1.0 2.0 5.0 3.0 2.0 5.0 1.0 2.0 5.0 1.0 2.0 5.0 1.0 2.0 5.0 1.0 2.0 12.0 1.0 6.0 5.0 1.0 4.0 10.0 1.0 3.0 5.0 2.0 4.0 5.0 1.0 2.0 5.0 1.0 2.0 15.0 1.0 2.0 5.0 1.0 2.0 6.0 3.0 6.0 11.0 2.0 2.0 5.0 2.0 2.0 5.0 2.0 
78.0 76.0 39.0 72.0 

nodesExpanded : 751
elapsed time: 116
java Main 100000	10	25	1

0 0 0 0 0 0 0 0 0 0 0 0 0 0 0 0 0 0 0 0 0 0 0 0 0 1 1 1 1 1 1 1 1 1 1 1 1 1 1 1 1 1 1 1 1 1 1 1 1 1 2 2 2 2 2 2 2 2 2 2 2 2 2 2 2 2 2 2 2 2 2 2 2 2 2 3 3 3 3 3 3 3 3 3 3 3 3 3 3 3 3 3 3 3 3 3 3 3 3 3 
1.0 2.0 5.0 1.0 2.0 5.0 1.0 2.0 5.0 1.0 2.0 5.0 1.0 2.0 5.0 1.0 2.0 5.0 1.0 2.0 5.0 1.0 2.0 5.0 1.0 2.0 5.0 1.0 2.0 5.0 1.0 2.0 5.0 1.0 2.0 5.0 1.0 2.0 5.0 1.0 2.0 5.0 1.0 2.0 5.0 1.0 2.0 5.0 1.0 2.0 5.0 1.0 2.0 5.0 1.0 2.0 5.0 1.0 2.0 5.0 1.0 2.0 5.0 1.0 2.0 5.0 1.0 2.0 5.0 1.0 2.0 5.0 1.0 2.0 5.0 1.0 2.0 5.0 1.0 2.0 5.0 1.0 2.0 5.0 1.0 2.0 5.0 1.0 2.0 5.0 1.0 2.0 5.0 1.0 2.0 5.0 1.0 2.0 5.0 1.0 
65.0 66.0 69.0 65.0  se puede conectar en todos nodo
0 0 0 0 27 30 0 40 60 83 37 0 0 95 0 0 0 24 0 3 0 0 13 0 83 1 1 1 1 1 1 36 1 1 1 1 0 38 1 8 1 1 53 1 69 78 7 1 45 1 96 2 29 3 43 93 2 45 67 60 2 59 2 75 2 2 15 96 24 34 2 84 84 2 15 8 3 3 71 3 3 3 74 69 1 3 3 3 3 3 3 3 3 3 1 9 3 3 3 44 
1.0 2.0 5.0 3.0 5.0 10.0 1.0 2.0 5.0 3.0 2.0 12.0 1.0 2.0 5.0 1.0 2.0 5.0 1.0 2.0 15.0 1.0 2.0 10.0 1.0 4.0 15.0 1.0 2.0 5.0 2.0 2.0 7.0 3.0 4.0 5.0 3.0 2.0 5.0 2.0 3.0 7.0 1.0 2.0 5.0 1.0 2.0 5.0 1.0 3.0 5.0 1.0 2.0 5.0 1.0 4.0 15.0 1.0 2.0 5.0 1.0 2.0 5.0 3.0 2.0 15.0 1.0 3.0 5.0 1.0 4.0 8.0 1.0 2.0 6.0 1.0 2.0 5.0 1.0 6.0 14.0 1.0 2.0 5.0 1.0 2.0 5.0 1.0 2.0 9.0 1.0 4.0 13.0 1.0 2.0 5.0 1.0 2.0 5.0 1.0 
63.0 76.0 45.0 81.0 

nodesExpanded : 751
elapsed time: 112
java Main 100000	10	25	1

0 0 0 0 0 0 0 0 0 0 0 0 0 0 0 0 0 0 0 0 0 0 0 0 0 1 1 1 1 1 1 1 1 1 1 1 1 1 1 1 1 1 1 1 1 1 1 1 1 1 2 2 2 2 2 2 2 2 2 2 2 2 2 2 2 2 2 2 2 2 2 2 2 2 2 3 3 3 3 3 3 3 3 3 3 3 3 3 3 3 3 3 3 3 3 3 3 3 3 3 
1.0 2.0 5.0 1.0 2.0 5.0 1.0 2.0 5.0 1.0 2.0 5.0 1.0 2.0 5.0 1.0 2.0 5.0 1.0 2.0 5.0 1.0 2.0 5.0 1.0 2.0 5.0 1.0 2.0 5.0 1.0 2.0 5.0 1.0 2.0 5.0 1.0 2.0 5.0 1.0 2.0 5.0 1.0 2.0 5.0 1.0 2.0 5.0 1.0 2.0 5.0 1.0 2.0 5.0 1.0 2.0 5.0 1.0 2.0 5.0 1.0 2.0 5.0 1.0 2.0 5.0 1.0 2.0 5.0 1.0 2.0 5.0 1.0 2.0 5.0 1.0 2.0 5.0 1.0 2.0 5.0 1.0 2.0 5.0 1.0 2.0 5.0 1.0 2.0 5.0 1.0 2.0 5.0 1.0 2.0 5.0 1.0 2.0 5.0 1.0 
65.0 66.0 69.0 65.0  se puede conectar en todos nodo
45 47 0 37 0 0 0 77 45 0 27 0 0 2 0 0 0 0 0 0 78 76 69 0 25 1 1 1 1 1 1 95 1 1 1 1 100 27 1 1 1 1 77 1 0 67 1 1 45 51 96 2 2 24 61 30 2 1 36 39 2 27 42 83 53 2 1 2 36 98 2 33 69 2 0 1 3 3 69 3 3 3 95 2 102 3 3 3 3 33 3 3 3 3 1 39 3 3 3 3 
1.0 2.0 5.0 1.0 2.0 5.0 1.0 2.0 5.0 1.0 2.0 5.0 1.0 2.0 5.0 1.0 2.0 5.0 1.0 2.0 10.0 2.0 2.0 11.0 1.0 2.0 7.0 1.0 2.0 15.0 1.0 2.0 12.0 2.0 2.0 15.0 1.0 2.0 10.0 1.0 2.0 12.0 1.0 4.0 5.0 1.0 2.0 9.0 1.0 4.0 5.0 1.0 2.0 5.0 1.0 2.0 5.0 2.0 2.0 5.0 1.0 2.0 5.0 2.0 2.0 11.0 1.0 2.0 5.0 1.0 2.0 5.0 3.0 5.0 15.0 1.0 2.0 5.0 1.0 4.0 5.0 1.0 2.0 5.0 1.0 2.0 5.0 1.0 2.0 5.0 1.0 6.0 10.0 1.0 3.0 5.0 2.0 2.0 6.0 1.0 
67.0 106.0 36.0 56.0 

nodesExpanded : 751
elapsed time: 98
java Main 100000	10	25	1

0 0 0 0 0 0 0 0 0 0 0 0 0 0 0 0 0 0 0 0 0 0 0 0 0 1 1 1 1 1 1 1 1 1 1 1 1 1 1 1 1 1 1 1 1 1 1 1 1 1 2 2 2 2 2 2 2 2 2 2 2 2 2 2 2 2 2 2 2 2 2 2 2 2 2 3 3 3 3 3 3 3 3 3 3 3 3 3 3 3 3 3 3 3 3 3 3 3 3 3 
1.0 2.0 5.0 1.0 2.0 5.0 1.0 2.0 5.0 1.0 2.0 5.0 1.0 2.0 5.0 1.0 2.0 5.0 1.0 2.0 5.0 1.0 2.0 5.0 1.0 2.0 5.0 1.0 2.0 5.0 1.0 2.0 5.0 1.0 2.0 5.0 1.0 2.0 5.0 1.0 2.0 5.0 1.0 2.0 5.0 1.0 2.0 5.0 1.0 2.0 5.0 1.0 2.0 5.0 1.0 2.0 5.0 1.0 2.0 5.0 1.0 2.0 5.0 1.0 2.0 5.0 1.0 2.0 5.0 1.0 2.0 5.0 1.0 2.0 5.0 1.0 2.0 5.0 1.0 2.0 5.0 1.0 2.0 5.0 1.0 2.0 5.0 1.0 2.0 5.0 1.0 2.0 5.0 1.0 2.0 5.0 1.0 2.0 5.0 1.0 
65.0 66.0 69.0 65.0  se puede conectar en todos nodo
0 0 0 0 24 93 25 95 39 83 0 0 91 0 0 0 0 15 1 0 0 0 0 0 4 1 1 47 77 1 1 94 1 1 34 1 96 1 1 1 1 1 87 1 1 1 45 1 1 19 33 84 86 102 97 50 2 44 100 60 2 0 0 24 3 2 103 56 2 1 2 2 84 2 27 24 3 3 36 3 3 3 3 2 33 3 0 0 2 3 3 3 3 15 29 60 3 3 3 47 
2.0 2.0 5.0 1.0 2.0 5.0 1.0 2.0 5.0 1.0 2.0 12.0 1.0 2.0 5.0 3.0 2.0 5.0 1.0 2.0 9.0 2.0 2.0 10.0 1.0 4.0 5.0 1.0 2.0 11.0 3.0 2.0 6.0 1.0 2.0 10.0 1.0 2.0 5.0 1.0 3.0 9.0 1.0 5.0 5.0 1.0 4.0 5.0 1.0 2.0 5.0 1.0 4.0 5.0 1.0 2.0 15.0 1.0 2.0 5.0 1.0 2.0 5.0 1.0 2.0 5.0 1.0 2.0 5.0 1.0 2.0 5.0 1.0 4.0 5.0 1.0 2.0 5.0 1.0 3.0 7.0 1.0 6.0 6.0 1.0 2.0 5.0 2.0 2.0 10.0 3.0 4.0 6.0 2.0 2.0 5.0 3.0 2.0 10.0 2.0 
75.0 79.0 45.0 66.0 

nodesExpanded : 751
elapsed time: 133
java Main 100000	10	25	1

0 0 0 0 0 0 0 0 0 0 0 0 0 0 0 0 0 0 0 0 0 0 0 0 0 1 1 1 1 1 1 1 1 1 1 1 1 1 1 1 1 1 1 1 1 1 1 1 1 1 2 2 2 2 2 2 2 2 2 2 2 2 2 2 2 2 2 2 2 2 2 2 2 2 2 3 3 3 3 3 3 3 3 3 3 3 3 3 3 3 3 3 3 3 3 3 3 3 3 3 
1.0 2.0 5.0 1.0 2.0 5.0 1.0 2.0 5.0 1.0 2.0 5.0 1.0 2.0 5.0 1.0 2.0 5.0 1.0 2.0 5.0 1.0 2.0 5.0 1.0 2.0 5.0 1.0 2.0 5.0 1.0 2.0 5.0 1.0 2.0 5.0 1.0 2.0 5.0 1.0 2.0 5.0 1.0 2.0 5.0 1.0 2.0 5.0 1.0 2.0 5.0 1.0 2.0 5.0 1.0 2.0 5.0 1.0 2.0 5.0 1.0 2.0 5.0 1.0 2.0 5.0 1.0 2.0 5.0 1.0 2.0 5.0 1.0 2.0 5.0 1.0 2.0 5.0 1.0 2.0 5.0 1.0 2.0 5.0 1.0 2.0 5.0 1.0 2.0 5.0 1.0 2.0 5.0 1.0 2.0 5.0 1.0 2.0 5.0 1.0 
65.0 66.0 69.0 65.0  se puede conectar en todos nodo
0 0 0 0 0 0 60 74 0 0 83 0 0 40 0 0 84 0 0 0 0 96 25 0 37 1 45 1 51 1 1 4 1 1 1 1 3 38 60 1 1 1 1 1 1 80 14 1 45 1 2 96 100 27 79 78 2 15 36 2 2 5 2 34 0 2 55 19 27 98 2 2 74 2 93 16 3 3 45 3 3 3 64 3 93 3 3 94 3 3 3 3 3 7 51 3 3 52 3 1 
3.0 4.0 5.0 2.0 2.0 5.0 1.0 2.0 5.0 1.0 4.0 6.0 3.0 2.0 5.0 3.0 2.0 5.0 1.0 2.0 5.0 3.0 2.0 15.0 1.0 2.0 5.0 1.0 2.0 5.0 2.0 2.0 7.0 2.0 4.0 5.0 3.0 2.0 5.0 1.0 2.0 14.0 1.0 2.0 5.0 1.0 2.0 10.0 3.0 2.0 5.0 2.0 2.0 5.0 1.0 2.0 11.0 1.0 2.0 5.0 3.0 2.0 5.0 1.0 2.0 5.0 1.0 2.0 5.0 1.0 5.0 5.0 1.0 2.0 7.0 2.0 3.0 5.0 1.0 6.0 7.0 1.0 2.0 5.0 1.0 2.0 5.0 1.0 2.0 13.0 2.0 2.0 10.0 1.0 3.0 5.0 3.0 2.0 5.0 1.0 
74.0 66.0 46.0 79.0 

nodesExpanded : 751
elapsed time: 112
java Main 100000	10	25	1

0 0 0 0 0 0 0 0 0 0 0 0 0 0 0 0 0 0 0 0 0 0 0 0 0 1 1 1 1 1 1 1 1 1 1 1 1 1 1 1 1 1 1 1 1 1 1 1 1 1 2 2 2 2 2 2 2 2 2 2 2 2 2 2 2 2 2 2 2 2 2 2 2 2 2 3 3 3 3 3 3 3 3 3 3 3 3 3 3 3 3 3 3 3 3 3 3 3 3 3 
1.0 2.0 5.0 1.0 2.0 5.0 1.0 2.0 5.0 1.0 2.0 5.0 1.0 2.0 5.0 1.0 2.0 5.0 1.0 2.0 5.0 1.0 2.0 5.0 1.0 2.0 5.0 1.0 2.0 5.0 1.0 2.0 5.0 1.0 2.0 5.0 1.0 2.0 5.0 1.0 2.0 5.0 1.0 2.0 5.0 1.0 2.0 5.0 1.0 2.0 5.0 1.0 2.0 5.0 1.0 2.0 5.0 1.0 2.0 5.0 1.0 2.0 5.0 1.0 2.0 5.0 1.0 2.0 5.0 1.0 2.0 5.0 1.0 2.0 5.0 1.0 2.0 5.0 1.0 2.0 5.0 1.0 2.0 5.0 1.0 2.0 5.0 1.0 2.0 5.0 1.0 2.0 5.0 1.0 2.0 5.0 1.0 2.0 5.0 1.0 
65.0 66.0 69.0 65.0  se puede conectar en todos nodo
0 31 0 100 0 27 56 70 93 45 62 0 0 92 0 0 0 33 44 96 0 87 86 0 4 1 1 1 74 1 1 30 84 1 1 1 69 73 39 1 1 1 29 1 1 4 1 1 1 19 102 0 15 24 24 47 96 47 45 2 2 44 33 79 89 2 29 2 15 24 2 69 96 2 27 34 3 3 62 3 3 77 2 3 97 3 1 3 3 3 3 3 3 15 3 36 3 13 3 91 
3.0 2.0 5.0 1.0 2.0 5.0 1.0 2.0 5.0 3.0 2.0 15.0 1.0 2.0 5.0 3.0 2.0 5.0 1.0 2.0 14.0 1.0 2.0 15.0 1.0 6.0 7.0 3.0 2.0 15.0 3.0 2.0 10.0 1.0 2.0 10.0 1.0 2.0 5.0 1.0 5.0 13.0 1.0 5.0 5.0 1.0 2.0 5.0 1.0 2.0 5.0 1.0 3.0 5.0 1.0 2.0 5.0 1.0 5.0 5.0 1.0 2.0 5.0 1.0 2.0 11.0 3.0 2.0 5.0 3.0 4.0 5.0 1.0 3.0 5.0 2.0 2.0 5.0 1.0 2.0 15.0 1.0 4.0 6.0 1.0 4.0 5.0 2.0 4.0 10.0 1.0 2.0 13.0 2.0 2.0 5.0 2.0 2.0 10.0 1.0 
66.0 89.0 30.0 80.0 

nodesExpanded : 751
elapsed time: 150
java Main 100000	10	125	0.0001

0 0 0 0 0 0 0 0 0 0 0 0 0 0 0 0 0 0 0 0 0 0 0 0 0 1 1 1 1 1 1 1 1 1 1 1 1 1 1 1 1 1 1 1 1 1 1 1 1 1 2 2 2 2 2 2 2 2 2 2 2 2 2 2 2 2 2 2 2 2 2 2 2 2 2 3 3 3 3 3 3 3 3 3 3 3 3 3 3 3 3 3 3 3 3 3 3 3 3 3 
1.0 2.0 5.0 1.0 2.0 5.0 1.0 2.0 5.0 1.0 2.0 5.0 1.0 2.0 5.0 1.0 2.0 5.0 1.0 2.0 5.0 1.0 2.0 5.0 1.0 2.0 5.0 1.0 2.0 5.0 1.0 2.0 5.0 1.0 2.0 5.0 1.0 2.0 5.0 1.0 2.0 5.0 1.0 2.0 5.0 1.0 2.0 5.0 1.0 2.0 5.0 1.0 2.0 5.0 1.0 2.0 5.0 1.0 2.0 5.0 1.0 2.0 5.0 1.0 2.0 5.0 1.0 2.0 5.0 1.0 2.0 5.0 1.0 2.0 5.0 1.0 2.0 5.0 1.0 2.0 5.0 1.0 2.0 5.0 1.0 2.0 5.0 1.0 2.0 5.0 1.0 2.0 5.0 1.0 2.0 5.0 1.0 2.0 5.0 1.0 
65.0 66.0 69.0 65.0  se puede conectar en todos nodo
72 98 21 100 78 33 25 95 39 55 80 1 103 92 27 51 64 24 47 71 1 36 76 1 10 0 1 22 77 1 78 36 3 0 73 3 3 27 45 27 1 3 2 1 3 93 43 0 35 68 9 40 3 45 65 88 87 47 35 39 81 102 75 7 51 81 0 3 1 78 81 3 60 2 1 58 56 2 52 37 96 17 2 2 8 32 51 0 2 72 0 96 3 34 44 66 3 4 15 1 
3.0 2.0 5.0 2.0 5.0 10.0 2.0 2.0 5.0 1.0 2.0 14.0 1.0 3.0 5.0 1.0 2.0 10.0 2.0 2.0 15.0 3.0 2.0 15.0 1.0 2.0 5.0 1.0 4.0 15.0 2.0 6.0 14.0 3.0 2.0 15.0 3.0 2.0 5.0 3.0 6.0 15.0 1.0 5.0 5.0 1.0 2.0 15.0 2.0 2.0 5.0 2.0 6.0 5.0 2.0 2.0 8.0 1.0 2.0 5.0 3.0 4.0 10.0 1.0 4.0 5.0 1.0 4.0 14.0 3.0 2.0 15.0 3.0 6.0 15.0 1.0 4.0 15.0 1.0 2.0 5.0 1.0 2.0 13.0 3.0 2.0 5.0 1.0 5.0 6.0 1.0 4.0 14.0 1.0 4.0 5.0 3.0 2.0 9.0 2.0 
23.0 106.0 42.0 94.0 

nodesExpanded : 100001
elapsed time: 1360
java Main 100000	10	125	1

0 0 0 0 0 0 0 0 0 0 0 0 0 0 0 0 0 0 0 0 0 0 0 0 0 1 1 1 1 1 1 1 1 1 1 1 1 1 1 1 1 1 1 1 1 1 1 1 1 1 2 2 2 2 2 2 2 2 2 2 2 2 2 2 2 2 2 2 2 2 2 2 2 2 2 3 3 3 3 3 3 3 3 3 3 3 3 3 3 3 3 3 3 3 3 3 3 3 3 3 
1.0 2.0 5.0 1.0 2.0 5.0 1.0 2.0 5.0 1.0 2.0 5.0 1.0 2.0 5.0 1.0 2.0 5.0 1.0 2.0 5.0 1.0 2.0 5.0 1.0 2.0 5.0 1.0 2.0 5.0 1.0 2.0 5.0 1.0 2.0 5.0 1.0 2.0 5.0 1.0 2.0 5.0 1.0 2.0 5.0 1.0 2.0 5.0 1.0 2.0 5.0 1.0 2.0 5.0 1.0 2.0 5.0 1.0 2.0 5.0 1.0 2.0 5.0 1.0 2.0 5.0 1.0 2.0 5.0 1.0 2.0 5.0 1.0 2.0 5.0 1.0 2.0 5.0 1.0 2.0 5.0 1.0 2.0 5.0 1.0 2.0 5.0 1.0 2.0 5.0 1.0 2.0 5.0 1.0 2.0 5.0 1.0 2.0 5.0 1.0 
65.0 66.0 69.0 65.0  se puede conectar en todos nodo
0 47 0 0 43 0 40 84 39 0 36 0 15 89 0 0 96 0 0 0 0 7 20 0 42 1 1 1 100 1 1 36 1 1 1 1 74 4 60 1 47 1 96 1 0 33 93 1 14 1 2 77 0 3 29 39 3 15 67 96 2 1 84 45 15 2 0 69 2 16 2 36 2 2 33 3 3 3 25 3 3 2 3 3 65 3 3 3 64 27 3 3 3 37 3 3 3 34 1 61 
3.0 2.0 5.0 3.0 2.0 5.0 1.0 2.0 5.0 1.0 3.0 11.0 2.0 2.0 5.0 1.0 4.0 5.0 1.0 2.0 5.0 2.0 2.0 12.0 1.0 3.0 5.0 1.0 2.0 11.0 3.0 2.0 15.0 2.0 2.0 12.0 2.0 2.0 6.0 3.0 2.0 8.0 1.0 6.0 5.0 1.0 2.0 5.0 1.0 2.0 5.0 1.0 2.0 5.0 1.0 2.0 11.0 2.0 2.0 5.0 3.0 3.0 5.0 3.0 2.0 7.0 1.0 2.0 5.0 1.0 4.0 5.0 1.0 3.0 5.0 1.0 2.0 5.0 1.0 2.0 12.0 1.0 2.0 5.0 1.0 4.0 5.0 1.0 2.0 7.0 1.0 2.0 15.0 1.0 2.0 5.0 3.0 2.0 5.0 1.0 
67.0 86.0 29.0 83.0 

nodesExpanded : 751
elapsed time: 102
java Main 100000	10	125	1

0 0 0 0 0 0 0 0 0 0 0 0 0 0 0 0 0 0 0 0 0 0 0 0 0 1 1 1 1 1 1 1 1 1 1 1 1 1 1 1 1 1 1 1 1 1 1 1 1 1 2 2 2 2 2 2 2 2 2 2 2 2 2 2 2 2 2 2 2 2 2 2 2 2 2 3 3 3 3 3 3 3 3 3 3 3 3 3 3 3 3 3 3 3 3 3 3 3 3 3 
1.0 2.0 5.0 1.0 2.0 5.0 1.0 2.0 5.0 1.0 2.0 5.0 1.0 2.0 5.0 1.0 2.0 5.0 1.0 2.0 5.0 1.0 2.0 5.0 1.0 2.0 5.0 1.0 2.0 5.0 1.0 2.0 5.0 1.0 2.0 5.0 1.0 2.0 5.0 1.0 2.0 5.0 1.0 2.0 5.0 1.0 2.0 5.0 1.0 2.0 5.0 1.0 2.0 5.0 1.0 2.0 5.0 1.0 2.0 5.0 1.0 2.0 5.0 1.0 2.0 5.0 1.0 2.0 5.0 1.0 2.0 5.0 1.0 2.0 5.0 1.0 2.0 5.0 1.0 2.0 5.0 1.0 2.0 5.0 1.0 2.0 5.0 1.0 2.0 5.0 1.0 2.0 5.0 1.0 2.0 5.0 1.0 2.0 5.0 1.0 
65.0 66.0 69.0 65.0  se puede conectar en todos nodo
0 0 0 0 1 30 83 95 0 0 7 0 0 2 93 0 2 27 0 0 0 63 86 0 101 1 1 1 77 1 1 96 1 1 8 1 94 1 87 1 1 1 17 1 1 101 97 1 30 95 93 3 2 15 47 33 2 22 27 96 2 47 60 1 48 2 48 87 2 58 2 36 2 2 3 83 100 3 36 3 3 3 3 2 59 3 3 3 96 3 3 3 3 33 0 3 3 3 3 3 
1.0 2.0 5.0 3.0 4.0 5.0 1.0 2.0 5.0 1.0 2.0 10.0 1.0 3.0 5.0 1.0 2.0 5.0 2.0 2.0 5.0 1.0 2.0 12.0 1.0 2.0 11.0 1.0 2.0 11.0 1.0 2.0 11.0 1.0 2.0 5.0 1.0 2.0 5.0 1.0 2.0 5.0 1.0 6.0 8.0 1.0 2.0 5.0 1.0 2.0 5.0 1.0 2.0 5.0 2.0 3.0 10.0 1.0 2.0 6.0 1.0 2.0 5.0 1.0 2.0 5.0 1.0 2.0 5.0 1.0 2.0 5.0 1.0 4.0 5.0 1.0 2.0 5.0 1.0 4.0 5.0 1.0 4.0 12.0 1.0 2.0 5.0 1.0 2.0 15.0 2.0 6.0 15.0 3.0 2.0 5.0 3.0 4.0 5.0 1.0 
52.0 77.0 47.0 89.0 

nodesExpanded : 751
elapsed time: 102
java Main 100000	10	125	1

0 0 0 0 0 0 0 0 0 0 0 0 0 0 0 0 0 0 0 0 0 0 0 0 0 1 1 1 1 1 1 1 1 1 1 1 1 1 1 1 1 1 1 1 1 1 1 1 1 1 2 2 2 2 2 2 2 2 2 2 2 2 2 2 2 2 2 2 2 2 2 2 2 2 2 3 3 3 3 3 3 3 3 3 3 3 3 3 3 3 3 3 3 3 3 3 3 3 3 3 
1.0 2.0 5.0 1.0 2.0 5.0 1.0 2.0 5.0 1.0 2.0 5.0 1.0 2.0 5.0 1.0 2.0 5.0 1.0 2.0 5.0 1.0 2.0 5.0 1.0 2.0 5.0 1.0 2.0 5.0 1.0 2.0 5.0 1.0 2.0 5.0 1.0 2.0 5.0 1.0 2.0 5.0 1.0 2.0 5.0 1.0 2.0 5.0 1.0 2.0 5.0 1.0 2.0 5.0 1.0 2.0 5.0 1.0 2.0 5.0 1.0 2.0 5.0 1.0 2.0 5.0 1.0 2.0 5.0 1.0 2.0 5.0 1.0 2.0 5.0 1.0 2.0 5.0 1.0 2.0 5.0 1.0 2.0 5.0 1.0 2.0 5.0 1.0 2.0 5.0 1.0 2.0 5.0 1.0 2.0 5.0 1.0 2.0 5.0 1.0 
65.0 66.0 69.0 65.0  se puede conectar en todos nodo
0 0 0 0 15 33 84 96 0 0 56 0 0 95 33 0 81 27 0 74 0 23 0 0 12 1 1 1 2 1 1 1 1 0 1 87 1 1 1 1 1 1 1 1 1 35 1 1 36 1 66 74 29 51 19 43 2 47 4 2 2 97 2 13 89 2 69 100 2 8 2 39 2 2 72 37 3 3 99 3 3 3 3 3 3 3 3 3 3 3 3 3 3 3 31 30 3 3 3 3 
3.0 2.0 5.0 1.0 3.0 5.0 1.0 2.0 6.0 2.0 2.0 8.0 1.0 2.0 5.0 2.0 2.0 5.0 1.0 3.0 5.0 1.0 2.0 10.0 1.0 6.0 11.0 3.0 2.0 15.0 1.0 3.0 6.0 2.0 2.0 10.0 1.0 2.0 5.0 3.0 2.0 5.0 1.0 3.0 5.0 1.0 2.0 10.0 1.0 2.0 5.0 1.0 4.0 5.0 1.0 2.0 5.0 1.0 2.0 5.0 1.0 2.0 10.0 1.0 2.0 6.0 1.0 2.0 10.0 1.0 6.0 5.0 1.0 2.0 5.0 1.0 2.0 7.0 1.0 2.0 6.0 1.0 2.0 15.0 1.0 4.0 5.0 1.0 2.0 5.0 1.0 4.0 7.0 3.0 2.0 6.0 3.0 2.0 5.0 1.0 
50.0 88.0 48.0 79.0 

nodesExpanded : 751
elapsed time: 116
java Main 100000	10	125	1

0 0 0 0 0 0 0 0 0 0 0 0 0 0 0 0 0 0 0 0 0 0 0 0 0 1 1 1 1 1 1 1 1 1 1 1 1 1 1 1 1 1 1 1 1 1 1 1 1 1 2 2 2 2 2 2 2 2 2 2 2 2 2 2 2 2 2 2 2 2 2 2 2 2 2 3 3 3 3 3 3 3 3 3 3 3 3 3 3 3 3 3 3 3 3 3 3 3 3 3 
1.0 2.0 5.0 1.0 2.0 5.0 1.0 2.0 5.0 1.0 2.0 5.0 1.0 2.0 5.0 1.0 2.0 5.0 1.0 2.0 5.0 1.0 2.0 5.0 1.0 2.0 5.0 1.0 2.0 5.0 1.0 2.0 5.0 1.0 2.0 5.0 1.0 2.0 5.0 1.0 2.0 5.0 1.0 2.0 5.0 1.0 2.0 5.0 1.0 2.0 5.0 1.0 2.0 5.0 1.0 2.0 5.0 1.0 2.0 5.0 1.0 2.0 5.0 1.0 2.0 5.0 1.0 2.0 5.0 1.0 2.0 5.0 1.0 2.0 5.0 1.0 2.0 5.0 1.0 2.0 5.0 1.0 2.0 5.0 1.0 2.0 5.0 1.0 2.0 5.0 1.0 2.0 5.0 1.0 2.0 5.0 1.0 2.0 5.0 1.0 
65.0 66.0 69.0 65.0  se puede conectar en todos nodo
0 0 0 0 0 0 35 96 39 45 0 0 0 51 0 0 100 0 0 56 0 11 76 0 84 1 27 1 96 1 1 3 1 1 8 1 77 1 1 1 1 1 51 1 1 38 43 0 101 95 2 29 69 60 47 80 2 47 52 2 2 36 36 15 2 2 2 2 30 44 2 96 2 2 24 0 3 3 14 3 3 74 3 3 45 3 3 3 95 1 3 3 3 3 3 12 3 3 0 3 
1.0 2.0 5.0 1.0 5.0 5.0 1.0 3.0 10.0 1.0 3.0 6.0 1.0 2.0 5.0 1.0 2.0 5.0 1.0 2.0 10.0 1.0 2.0 15.0 1.0 3.0 10.0 1.0 2.0 5.0 1.0 3.0 12.0 1.0 3.0 15.0 1.0 2.0 5.0 3.0 3.0 7.0 1.0 4.0 5.0 1.0 2.0 8.0 3.0 2.0 5.0 1.0 4.0 5.0 1.0 2.0 10.0 1.0 2.0 5.0 1.0 2.0 5.0 1.0 2.0 9.0 1.0 2.0 5.0 1.0 3.0 5.0 3.0 3.0 5.0 1.0 4.0 5.0 1.0 2.0 6.0 1.0 2.0 5.0 1.0 2.0 5.0 1.0 2.0 5.0 1.0 6.0 15.0 1.0 2.0 5.0 3.0 5.0 5.0 1.0 
80.0 72.0 44.0 69.0 

nodesExpanded : 751
elapsed time: 93
java Main 100000	10	125	1

0 0 0 0 0 0 0 0 0 0 0 0 0 0 0 0 0 0 0 0 0 0 0 0 0 1 1 1 1 1 1 1 1 1 1 1 1 1 1 1 1 1 1 1 1 1 1 1 1 1 2 2 2 2 2 2 2 2 2 2 2 2 2 2 2 2 2 2 2 2 2 2 2 2 2 3 3 3 3 3 3 3 3 3 3 3 3 3 3 3 3 3 3 3 3 3 3 3 3 3 
1.0 2.0 5.0 1.0 2.0 5.0 1.0 2.0 5.0 1.0 2.0 5.0 1.0 2.0 5.0 1.0 2.0 5.0 1.0 2.0 5.0 1.0 2.0 5.0 1.0 2.0 5.0 1.0 2.0 5.0 1.0 2.0 5.0 1.0 2.0 5.0 1.0 2.0 5.0 1.0 2.0 5.0 1.0 2.0 5.0 1.0 2.0 5.0 1.0 2.0 5.0 1.0 2.0 5.0 1.0 2.0 5.0 1.0 2.0 5.0 1.0 2.0 5.0 1.0 2.0 5.0 1.0 2.0 5.0 1.0 2.0 5.0 1.0 2.0 5.0 1.0 2.0 5.0 1.0 2.0 5.0 1.0 2.0 5.0 1.0 2.0 5.0 1.0 2.0 5.0 1.0 2.0 5.0 1.0 2.0 5.0 1.0 2.0 5.0 1.0 
65.0 66.0 69.0 65.0  se puede conectar en todos nodo
1 0 30 0 43 0 84 23 0 29 0 0 0 0 0 0 89 0 0 3 0 0 0 0 45 1 1 1 74 1 1 33 1 1 33 1 94 78 1 1 1 1 64 1 1 57 97 1 23 32 24 37 51 33 47 41 2 103 45 45 2 78 2 80 85 2 44 29 69 1 2 2 23 2 0 78 3 3 39 7 3 3 77 3 93 3 0 3 3 3 3 100 3 15 44 3 3 3 3 0 
1.0 2.0 5.0 3.0 2.0 5.0 1.0 2.0 5.0 1.0 2.0 8.0 1.0 2.0 5.0 1.0 2.0 5.0 1.0 6.0 10.0 1.0 2.0 5.0 1.0 5.0 10.0 1.0 4.0 15.0 1.0 2.0 5.0 2.0 2.0 6.0 1.0 4.0 5.0 3.0 5.0 13.0 1.0 3.0 5.0 1.0 2.0 7.0 1.0 2.0 5.0 1.0 2.0 6.0 1.0 2.0 5.0 1.0 2.0 5.0 2.0 2.0 5.0 1.0 2.0 10.0 1.0 2.0 5.0 1.0 6.0 5.0 1.0 4.0 12.0 1.0 3.0 5.0 1.0 2.0 6.0 3.0 2.0 5.0 1.0 4.0 5.0 1.0 2.0 6.0 2.0 2.0 5.0 3.0 2.0 5.0 3.0 2.0 5.0 2.0 
77.0 88.0 37.0 63.0 

nodesExpanded : 751
elapsed time: 100
java Main 100000	10	125	1

0 0 0 0 0 0 0 0 0 0 0 0 0 0 0 0 0 0 0 0 0 0 0 0 0 1 1 1 1 1 1 1 1 1 1 1 1 1 1 1 1 1 1 1 1 1 1 1 1 1 2 2 2 2 2 2 2 2 2 2 2 2 2 2 2 2 2 2 2 2 2 2 2 2 2 3 3 3 3 3 3 3 3 3 3 3 3 3 3 3 3 3 3 3 3 3 3 3 3 3 
1.0 2.0 5.0 1.0 2.0 5.0 1.0 2.0 5.0 1.0 2.0 5.0 1.0 2.0 5.0 1.0 2.0 5.0 1.0 2.0 5.0 1.0 2.0 5.0 1.0 2.0 5.0 1.0 2.0 5.0 1.0 2.0 5.0 1.0 2.0 5.0 1.0 2.0 5.0 1.0 2.0 5.0 1.0 2.0 5.0 1.0 2.0 5.0 1.0 2.0 5.0 1.0 2.0 5.0 1.0 2.0 5.0 1.0 2.0 5.0 1.0 2.0 5.0 1.0 2.0 5.0 1.0 2.0 5.0 1.0 2.0 5.0 1.0 2.0 5.0 1.0 2.0 5.0 1.0 2.0 5.0 1.0 2.0 5.0 1.0 2.0 5.0 1.0 2.0 5.0 1.0 2.0 5.0 1.0 2.0 5.0 1.0 2.0 5.0 1.0 
65.0 66.0 69.0 65.0  se puede conectar en todos nodo
0 0 45 37 0 0 39 95 0 0 80 0 103 48 1 0 11 102 0 0 0 87 64 0 33 1 1 1 1 1 1 1 1 1 1 69 94 43 3 1 1 1 3 1 1 4 30 1 14 3 12 94 2 42 70 93 87 31 45 96 2 47 2 97 29 2 86 100 0 36 2 2 60 2 18 24 3 3 80 3 3 2 3 3 16 3 51 3 77 3 3 3 3 3 91 3 3 13 72 0 
2.0 2.0 5.0 1.0 2.0 5.0 1.0 4.0 10.0 3.0 3.0 5.0 2.0 2.0 10.0 1.0 2.0 5.0 1.0 2.0 6.0 1.0 2.0 5.0 1.0 4.0 7.0 2.0 2.0 6.0 1.0 2.0 6.0 2.0 2.0 6.0 1.0 2.0 10.0 3.0 2.0 12.0 1.0 4.0 7.0 1.0 2.0 10.0 1.0 2.0 5.0 1.0 2.0 5.0 1.0 2.0 6.0 1.0 2.0 5.0 3.0 2.0 5.0 1.0 2.0 11.0 2.0 2.0 15.0 1.0 2.0 5.0 1.0 4.0 5.0 1.0 6.0 5.0 1.0 2.0 5.0 1.0 4.0 12.0 1.0 2.0 5.0 3.0 2.0 7.0 3.0 6.0 10.0 2.0 2.0 5.0 3.0 2.0 10.0 3.0 
62.0 82.0 33.0 88.0 

nodesExpanded : 751
elapsed time: 96
java Main 100000	10	125	1

0 0 0 0 0 0 0 0 0 0 0 0 0 0 0 0 0 0 0 0 0 0 0 0 0 1 1 1 1 1 1 1 1 1 1 1 1 1 1 1 1 1 1 1 1 1 1 1 1 1 2 2 2 2 2 2 2 2 2 2 2 2 2 2 2 2 2 2 2 2 2 2 2 2 2 3 3 3 3 3 3 3 3 3 3 3 3 3 3 3 3 3 3 3 3 3 3 3 3 3 
1.0 2.0 5.0 1.0 2.0 5.0 1.0 2.0 5.0 1.0 2.0 5.0 1.0 2.0 5.0 1.0 2.0 5.0 1.0 2.0 5.0 1.0 2.0 5.0 1.0 2.0 5.0 1.0 2.0 5.0 1.0 2.0 5.0 1.0 2.0 5.0 1.0 2.0 5.0 1.0 2.0 5.0 1.0 2.0 5.0 1.0 2.0 5.0 1.0 2.0 5.0 1.0 2.0 5.0 1.0 2.0 5.0 1.0 2.0 5.0 1.0 2.0 5.0 1.0 2.0 5.0 1.0 2.0 5.0 1.0 2.0 5.0 1.0 2.0 5.0 1.0 2.0 5.0 1.0 2.0 5.0 1.0 2.0 5.0 1.0 2.0 5.0 1.0 2.0 5.0 1.0 2.0 5.0 1.0 2.0 5.0 1.0 2.0 5.0 1.0 
65.0 66.0 69.0 65.0  se puede conectar en todos nodo
0 0 0 0 78 0 0 77 45 83 0 0 47 95 24 0 23 0 0 0 0 64 76 0 52 1 1 1 86 1 1 34 1 29 1 36 1 67 1 1 1 1 56 1 0 13 1 1 100 1 60 87 48 93 91 50 84 2 19 2 2 15 15 1 96 2 96 1 2 37 2 2 2 2 1 83 3 3 20 3 3 77 3 2 30 3 3 3 86 0 3 96 3 3 3 3 3 3 3 3 
1.0 2.0 5.0 1.0 2.0 5.0 1.0 2.0 5.0 2.0 2.0 12.0 1.0 2.0 5.0 3.0 3.0 5.0 1.0 5.0 10.0 1.0 2.0 5.0 1.0 4.0 6.0 1.0 2.0 5.0 3.0 2.0 10.0 2.0 2.0 5.0 1.0 2.0 5.0 1.0 2.0 10.0 1.0 3.0 8.0 1.0 4.0 5.0 2.0 2.0 5.0 1.0 3.0 5.0 1.0 2.0 10.0 1.0 2.0 5.0 2.0 2.0 5.0 3.0 2.0 5.0 1.0 2.0 5.0 1.0 2.0 5.0 3.0 5.0 7.0 1.0 2.0 5.0 1.0 5.0 15.0 1.0 6.0 6.0 1.0 2.0 5.0 2.0 2.0 10.0 1.0 4.0 12.0 1.0 2.0 5.0 3.0 2.0 5.0 1.0 
76.0 76.0 39.0 74.0 

nodesExpanded : 751
elapsed time: 106
java Main 100000	10	125	1

0 0 0 0 0 0 0 0 0 0 0 0 0 0 0 0 0 0 0 0 0 0 0 0 0 1 1 1 1 1 1 1 1 1 1 1 1 1 1 1 1 1 1 1 1 1 1 1 1 1 2 2 2 2 2 2 2 2 2 2 2 2 2 2 2 2 2 2 2 2 2 2 2 2 2 3 3 3 3 3 3 3 3 3 3 3 3 3 3 3 3 3 3 3 3 3 3 3 3 3 
1.0 2.0 5.0 1.0 2.0 5.0 1.0 2.0 5.0 1.0 2.0 5.0 1.0 2.0 5.0 1.0 2.0 5.0 1.0 2.0 5.0 1.0 2.0 5.0 1.0 2.0 5.0 1.0 2.0 5.0 1.0 2.0 5.0 1.0 2.0 5.0 1.0 2.0 5.0 1.0 2.0 5.0 1.0 2.0 5.0 1.0 2.0 5.0 1.0 2.0 5.0 1.0 2.0 5.0 1.0 2.0 5.0 1.0 2.0 5.0 1.0 2.0 5.0 1.0 2.0 5.0 1.0 2.0 5.0 1.0 2.0 5.0 1.0 2.0 5.0 1.0 2.0 5.0 1.0 2.0 5.0 1.0 2.0 5.0 1.0 2.0 5.0 1.0 2.0 5.0 1.0 2.0 5.0 1.0 2.0 5.0 1.0 2.0 5.0 1.0 
65.0 66.0 69.0 65.0  se puede conectar en todos nodo
0 0 0 0 4 0 52 3 0 37 0 0 0 2 0 0 0 24 0 11 0 0 100 0 95 1 1 1 81 27 65 1 1 1 7 96 94 33 1 1 1 1 29 1 1 52 43 1 33 74 30 64 45 36 29 30 84 1 80 2 2 1 2 24 44 2 3 51 48 22 2 93 2 2 75 83 3 3 76 3 3 2 74 3 1 3 3 1 3 3 3 3 3 3 1 3 3 34 3 16 
3.0 2.0 5.0 3.0 2.0 5.0 1.0 4.0 5.0 1.0 2.0 5.0 2.0 2.0 5.0 1.0 2.0 5.0 2.0 2.0 11.0 1.0 2.0 15.0 1.0 4.0 12.0 1.0 2.0 10.0 3.0 2.0 10.0 2.0 2.0 5.0 1.0 2.0 5.0 3.0 4.0 7.0 1.0 2.0 10.0 1.0 2.0 7.0 3.0 2.0 5.0 1.0 2.0 5.0 1.0 2.0 5.0 1.0 2.0 5.0 2.0 5.0 5.0 1.0 2.0 5.0 1.0 2.0 5.0 1.0 6.0 10.0 2.0 2.0 5.0 1.0 4.0 7.0 1.0 3.0 10.0 1.0 2.0 5.0 1.0 2.0 5.0 1.0 2.0 15.0 2.0 3.0 10.0 1.0 2.0 5.0 3.0 2.0 5.0 1.0 
69.0 79.0 30.0 87.0 

nodesExpanded : 751
elapsed time: 107
java Main 100000	10	125	1

0 0 0 0 0 0 0 0 0 0 0 0 0 0 0 0 0 0 0 0 0 0 0 0 0 1 1 1 1 1 1 1 1 1 1 1 1 1 1 1 1 1 1 1 1 1 1 1 1 1 2 2 2 2 2 2 2 2 2 2 2 2 2 2 2 2 2 2 2 2 2 2 2 2 2 3 3 3 3 3 3 3 3 3 3 3 3 3 3 3 3 3 3 3 3 3 3 3 3 3 
1.0 2.0 5.0 1.0 2.0 5.0 1.0 2.0 5.0 1.0 2.0 5.0 1.0 2.0 5.0 1.0 2.0 5.0 1.0 2.0 5.0 1.0 2.0 5.0 1.0 2.0 5.0 1.0 2.0 5.0 1.0 2.0 5.0 1.0 2.0 5.0 1.0 2.0 5.0 1.0 2.0 5.0 1.0 2.0 5.0 1.0 2.0 5.0 1.0 2.0 5.0 1.0 2.0 5.0 1.0 2.0 5.0 1.0 2.0 5.0 1.0 2.0 5.0 1.0 2.0 5.0 1.0 2.0 5.0 1.0 2.0 5.0 1.0 2.0 5.0 1.0 2.0 5.0 1.0 2.0 5.0 1.0 2.0 5.0 1.0 2.0 5.0 1.0 2.0 5.0 1.0 2.0 5.0 1.0 2.0 5.0 1.0 2.0 5.0 1.0 
65.0 66.0 69.0 65.0  se puede conectar en todos nodo
0 0 0 37 0 0 25 74 0 0 0 0 47 0 0 0 76 0 29 0 1 23 64 0 62 1 1 1 3 1 1 56 1 1 1 0 19 1 93 1 1 1 77 1 3 101 83 1 7 77 24 45 0 42 47 8 87 102 36 2 2 33 2 100 3 2 96 83 90 0 2 33 2 2 2 8 3 3 60 3 3 89 3 3 34 3 15 3 3 3 3 3 3 34 44 84 3 27 3 91 
1.0 2.0 5.0 2.0 5.0 5.0 1.0 2.0 5.0 1.0 2.0 15.0 1.0 2.0 5.0 2.0 2.0 5.0 1.0 4.0 10.0 2.0 2.0 8.0 1.0 3.0 5.0 1.0 2.0 12.0 3.0 2.0 8.0 3.0 2.0 5.0 1.0 2.0 10.0 1.0 4.0 6.0 1.0 4.0 5.0 1.0 2.0 5.0 1.0 2.0 5.0 1.0 4.0 5.0 1.0 2.0 6.0 1.0 3.0 5.0 3.0 2.0 5.0 1.0 2.0 5.0 1.0 2.0 5.0 1.0 4.0 5.0 3.0 5.0 5.0 1.0 2.0 5.0 1.0 6.0 10.0 1.0 2.0 11.0 1.0 3.0 10.0 2.0 2.0 15.0 1.0 2.0 6.0 1.0 2.0 5.0 2.0 3.0 6.0 1.0 
77.0 69.0 35.0 84.0 

nodesExpanded : 751
elapsed time: 110
java Main 100000	10	125	1

0 0 0 0 0 0 0 0 0 0 0 0 0 0 0 0 0 0 0 0 0 0 0 0 0 1 1 1 1 1 1 1 1 1 1 1 1 1 1 1 1 1 1 1 1 1 1 1 1 1 2 2 2 2 2 2 2 2 2 2 2 2 2 2 2 2 2 2 2 2 2 2 2 2 2 3 3 3 3 3 3 3 3 3 3 3 3 3 3 3 3 3 3 3 3 3 3 3 3 3 
1.0 2.0 5.0 1.0 2.0 5.0 1.0 2.0 5.0 1.0 2.0 5.0 1.0 2.0 5.0 1.0 2.0 5.0 1.0 2.0 5.0 1.0 2.0 5.0 1.0 2.0 5.0 1.0 2.0 5.0 1.0 2.0 5.0 1.0 2.0 5.0 1.0 2.0 5.0 1.0 2.0 5.0 1.0 2.0 5.0 1.0 2.0 5.0 1.0 2.0 5.0 1.0 2.0 5.0 1.0 2.0 5.0 1.0 2.0 5.0 1.0 2.0 5.0 1.0 2.0 5.0 1.0 2.0 5.0 1.0 2.0 5.0 1.0 2.0 5.0 1.0 2.0 5.0 1.0 2.0 5.0 1.0 2.0 5.0 1.0 2.0 5.0 1.0 2.0 5.0 1.0 2.0 5.0 1.0 2.0 5.0 1.0 2.0 5.0 1.0 
65.0 66.0 69.0 65.0  se puede conectar en todos nodo
37 0 33 0 0 27 97 0 0 0 36 0 0 0 93 0 95 27 0 0 0 7 0 0 45 1 1 1 69 1 1 93 3 29 73 45 1 1 1 1 1 1 89 1 1 43 34 1 83 94 12 11 11 2 91 102 36 37 74 2 2 22 12 36 3 2 102 3 2 15 2 3 2 2 15 1 3 3 52 3 3 3 3 96 102 3 3 3 3 3 3 3 3 78 44 75 3 93 1 91 
1.0 2.0 5.0 2.0 2.0 5.0 1.0 5.0 15.0 1.0 2.0 15.0 1.0 2.0 5.0 1.0 2.0 5.0 3.0 2.0 5.0 1.0 2.0 15.0 1.0 5.0 5.0 1.0 2.0 10.0 3.0 2.0 13.0 3.0 2.0 5.0 1.0 2.0 5.0 2.0 4.0 11.0 1.0 2.0 5.0 1.0 2.0 5.0 2.0 2.0 5.0 1.0 2.0 5.0 1.0 2.0 5.0 1.0 2.0 5.0 1.0 2.0 5.0 1.0 2.0 7.0 1.0 2.0 5.0 3.0 4.0 10.0 1.0 2.0 7.0 1.0 2.0 5.0 1.0 4.0 5.0 1.0 2.0 5.0 1.0 3.0 5.0 3.0 2.0 14.0 3.0 4.0 10.0 2.0 2.0 5.0 1.0 2.0 9.0 1.0 
73.0 71.0 30.0 91.0 

nodesExpanded : 751
elapsed time: 107
java Main 1000000000	100	500	0.001

0 0 0 0 0 0 0 0 0 0 0 0 0 0 0 0 0 0 0 0 0 0 0 0 0 1 1 1 1 1 1 1 1 1 1 1 1 1 1 1 1 1 1 1 1 1 1 1 1 1 2 2 2 2 2 2 2 2 2 2 2 2 2 2 2 2 2 2 2 2 2 2 2 2 2 3 3 3 3 3 3 3 3 3 3 3 3 3 3 3 3 3 3 3 3 3 3 3 3 3 
1.0 2.0 5.0 1.0 2.0 5.0 1.0 2.0 5.0 1.0 2.0 5.0 1.0 2.0 5.0 1.0 2.0 5.0 1.0 2.0 5.0 1.0 2.0 5.0 1.0 2.0 5.0 1.0 2.0 5.0 1.0 2.0 5.0 1.0 2.0 5.0 1.0 2.0 5.0 1.0 2.0 5.0 1.0 2.0 5.0 1.0 2.0 5.0 1.0 2.0 5.0 1.0 2.0 5.0 1.0 2.0 5.0 1.0 2.0 5.0 1.0 2.0 5.0 1.0 2.0 5.0 1.0 2.0 5.0 1.0 2.0 5.0 1.0 2.0 5.0 1.0 2.0 5.0 1.0 2.0 5.0 1.0 2.0 5.0 1.0 2.0 5.0 1.0 2.0 5.0 1.0 2.0 5.0 1.0 2.0 5.0 1.0 2.0 5.0 1.0 
65.0 66.0 69.0 65.0  se puede conectar en todos nodo
7 51 27 72 24 57 25 95 42 55 83 1 103 2 33 91 2 78 47 71 1 80 76 1 52 0 1 44 85 1 24 75 3 70 43 84 3 8 36 27 15 3 2 1 51 4 79 0 35 3 18 100 3 93 78 41 69 47 35 39 81 102 45 72 51 2 0 56 1 1 2 3 20 81 1 78 96 2 10 72 3 17 77 81 58 53 1 0 2 1 0 96 3 73 22 66 3 67 15 1 
2.0 2.0 5.0 3.0 6.0 5.0 2.0 2.0 5.0 1.0 2.0 15.0 1.0 5.0 10.0 1.0 5.0 5.0 3.0 2.0 12.0 3.0 2.0 13.0 1.0 2.0 5.0 1.0 2.0 15.0 1.0 6.0 15.0 1.0 2.0 10.0 1.0 4.0 10.0 3.0 3.0 15.0 1.0 6.0 5.0 1.0 2.0 14.0 2.0 4.0 5.0 2.0 6.0 10.0 2.0 2.0 5.0 1.0 2.0 5.0 1.0 2.0 10.0 3.0 2.0 10.0 2.0 4.0 15.0 2.0 2.0 11.0 3.0 4.0 15.0 3.0 5.0 15.0 1.0 4.0 15.0 3.0 2.0 5.0 1.0 2.0 5.0 2.0 2.0 15.0 1.0 4.0 14.0 1.0 2.0 5.0 3.0 2.0 7.0 2.0 
21.0 120.0 40.0 84.0 

nodesExpanded : 745201
elapsed time: 7947
java Main 1000000000	100	500	0.001

0 0 0 0 0 0 0 0 0 0 0 0 0 0 0 0 0 0 0 0 0 0 0 0 0 1 1 1 1 1 1 1 1 1 1 1 1 1 1 1 1 1 1 1 1 1 1 1 1 1 2 2 2 2 2 2 2 2 2 2 2 2 2 2 2 2 2 2 2 2 2 2 2 2 2 3 3 3 3 3 3 3 3 3 3 3 3 3 3 3 3 3 3 3 3 3 3 3 3 3 
1.0 2.0 5.0 1.0 2.0 5.0 1.0 2.0 5.0 1.0 2.0 5.0 1.0 2.0 5.0 1.0 2.0 5.0 1.0 2.0 5.0 1.0 2.0 5.0 1.0 2.0 5.0 1.0 2.0 5.0 1.0 2.0 5.0 1.0 2.0 5.0 1.0 2.0 5.0 1.0 2.0 5.0 1.0 2.0 5.0 1.0 2.0 5.0 1.0 2.0 5.0 1.0 2.0 5.0 1.0 2.0 5.0 1.0 2.0 5.0 1.0 2.0 5.0 1.0 2.0 5.0 1.0 2.0 5.0 1.0 2.0 5.0 1.0 2.0 5.0 1.0 2.0 5.0 1.0 2.0 5.0 1.0 2.0 5.0 1.0 2.0 5.0 1.0 2.0 5.0 1.0 2.0 5.0 1.0 2.0 5.0 1.0 2.0 5.0 1.0 
65.0 66.0 69.0 65.0  se puede conectar en todos nodo
7 31 33 3 24 45 25 96 75 55 75 1 103 92 27 91 87 78 47 56 1 80 60 1 14 0 72 44 77 93 65 23 3 70 27 3 3 8 39 27 1 3 2 15 51 4 43 0 13 3 9 3 3 78 65 41 96 47 101 36 2 102 84 72 94 2 0 100 1 1 2 3 20 2 1 58 36 2 10 75 3 17 81 81 79 53 51 0 2 1 0 40 3 73 22 42 3 30 1 15 
2.0 2.0 5.0 3.0 6.0 10.0 2.0 2.0 5.0 2.0 3.0 13.0 1.0 3.0 5.0 1.0 3.0 5.0 3.0 4.0 11.0 3.0 2.0 15.0 1.0 2.0 9.0 3.0 2.0 10.0 1.0 2.0 15.0 1.0 2.0 15.0 3.0 4.0 10.0 3.0 5.0 15.0 1.0 6.0 5.0 1.0 2.0 15.0 1.0 4.0 5.0 3.0 6.0 5.0 3.0 2.0 7.0 1.0 2.0 5.0 1.0 6.0 5.0 1.0 2.0 5.0 2.0 2.0 15.0 2.0 2.0 15.0 1.0 4.0 15.0 2.0 5.0 15.0 1.0 2.0 10.0 1.0 2.0 8.0 1.0 2.0 5.0 2.0 5.0 15.0 3.0 2.0 14.0 1.0 2.0 5.0 3.0 4.0 11.0 2.0 
24.0 102.0 33.0 106.0 

nodesExpanded : 745201
elapsed time: 7053
java Main 1000000000	100	500	0.001

0 0 0 0 0 0 0 0 0 0 0 0 0 0 0 0 0 0 0 0 0 0 0 0 0 1 1 1 1 1 1 1 1 1 1 1 1 1 1 1 1 1 1 1 1 1 1 1 1 1 2 2 2 2 2 2 2 2 2 2 2 2 2 2 2 2 2 2 2 2 2 2 2 2 2 3 3 3 3 3 3 3 3 3 3 3 3 3 3 3 3 3 3 3 3 3 3 3 3 3 
1.0 2.0 5.0 1.0 2.0 5.0 1.0 2.0 5.0 1.0 2.0 5.0 1.0 2.0 5.0 1.0 2.0 5.0 1.0 2.0 5.0 1.0 2.0 5.0 1.0 2.0 5.0 1.0 2.0 5.0 1.0 2.0 5.0 1.0 2.0 5.0 1.0 2.0 5.0 1.0 2.0 5.0 1.0 2.0 5.0 1.0 2.0 5.0 1.0 2.0 5.0 1.0 2.0 5.0 1.0 2.0 5.0 1.0 2.0 5.0 1.0 2.0 5.0 1.0 2.0 5.0 1.0 2.0 5.0 1.0 2.0 5.0 1.0 2.0 5.0 1.0 2.0 5.0 1.0 2.0 5.0 1.0 2.0 5.0 1.0 2.0 5.0 1.0 2.0 5.0 1.0 2.0 5.0 1.0 2.0 5.0 1.0 2.0 5.0 1.0 
65.0 66.0 69.0 65.0  se puede conectar en todos nodo
67 19 21 72 97 75 13 95 36 7 83 1 15 2 93 51 81 24 47 71 1 23 76 1 52 0 45 44 77 1 78 55 3 70 27 84 3 58 75 34 15 3 2 1 51 67 79 0 14 3 93 3 100 27 78 38 87 47 101 60 2 103 39 72 51 2 0 96 1 1 81 3 20 17 1 78 40 2 25 3 3 92 81 2 43 53 1 0 2 1 0 96 3 72 22 12 3 30 1 15 
1.0 2.0 5.0 3.0 2.0 5.0 1.0 2.0 10.0 2.0 4.0 12.0 1.0 6.0 5.0 3.0 5.0 10.0 3.0 4.0 15.0 2.0 2.0 14.0 1.0 2.0 9.0 1.0 2.0 5.0 3.0 2.0 15.0 1.0 4.0 10.0 3.0 2.0 5.0 2.0 3.0 14.0 1.0 6.0 5.0 1.0 2.0 15.0 2.0 4.0 5.0 3.0 2.0 5.0 3.0 2.0 10.0 1.0 2.0 5.0 1.0 2.0 5.0 3.0 2.0 5.0 2.0 6.0 14.0 1.0 2.0 15.0 3.0 4.0 14.0 3.0 2.0 14.0 1.0 6.0 15.0 1.0 2.0 15.0 1.0 2.0 5.0 1.0 3.0 15.0 1.0 4.0 15.0 3.0 2.0 5.0 3.0 4.0 5.0 3.0 
21.0 106.0 45.0 93.0 

nodesExpanded : 745201
elapsed time: 6698
java Main 1000000000	100	500	0.001

0 0 0 0 0 0 0 0 0 0 0 0 0 0 0 0 0 0 0 0 0 0 0 0 0 1 1 1 1 1 1 1 1 1 1 1 1 1 1 1 1 1 1 1 1 1 1 1 1 1 2 2 2 2 2 2 2 2 2 2 2 2 2 2 2 2 2 2 2 2 2 2 2 2 2 3 3 3 3 3 3 3 3 3 3 3 3 3 3 3 3 3 3 3 3 3 3 3 3 3 
1.0 2.0 5.0 1.0 2.0 5.0 1.0 2.0 5.0 1.0 2.0 5.0 1.0 2.0 5.0 1.0 2.0 5.0 1.0 2.0 5.0 1.0 2.0 5.0 1.0 2.0 5.0 1.0 2.0 5.0 1.0 2.0 5.0 1.0 2.0 5.0 1.0 2.0 5.0 1.0 2.0 5.0 1.0 2.0 5.0 1.0 2.0 5.0 1.0 2.0 5.0 1.0 2.0 5.0 1.0 2.0 5.0 1.0 2.0 5.0 1.0 2.0 5.0 1.0 2.0 5.0 1.0 2.0 5.0 1.0 2.0 5.0 1.0 2.0 5.0 1.0 2.0 5.0 1.0 2.0 5.0 1.0 2.0 5.0 1.0 2.0 5.0 1.0 2.0 5.0 1.0 2.0 5.0 1.0 2.0 5.0 1.0 2.0 5.0 1.0 
65.0 66.0 69.0 65.0  se puede conectar en todos nodo
72 51 33 56 72 93 25 40 36 55 30 1 103 92 93 51 2 24 47 95 1 39 76 1 62 0 45 47 77 1 24 39 3 70 34 96 3 8 75 97 15 3 2 1 51 52 58 0 80 3 57 100 3 27 78 79 87 44 14 36 81 102 60 37 19 2 0 3 1 78 81 3 20 81 1 78 71 2 10 7 3 17 74 2 43 53 1 0 2 1 0 3 3 72 22 42 3 4 15 1 
3.0 2.0 5.0 3.0 4.0 5.0 2.0 2.0 5.0 1.0 5.0 15.0 1.0 3.0 5.0 3.0 5.0 5.0 3.0 2.0 13.0 3.0 2.0 15.0 1.0 2.0 10.0 1.0 2.0 10.0 3.0 2.0 15.0 2.0 2.0 10.0 3.0 2.0 10.0 2.0 3.0 15.0 1.0 6.0 5.0 1.0 2.0 15.0 2.0 4.0 5.0 2.0 5.0 10.0 3.0 2.0 10.0 1.0 3.0 5.0 1.0 2.0 5.0 1.0 2.0 5.0 3.0 6.0 15.0 1.0 4.0 15.0 3.0 4.0 12.0 3.0 4.0 14.0 1.0 2.0 5.0 1.0 2.0 15.0 1.0 2.0 5.0 1.0 5.0 15.0 1.0 4.0 15.0 3.0 2.0 5.0 3.0 2.0 7.0 2.0 
22.0 108.0 45.0 90.0 

nodesExpanded : 745201
elapsed time: 6964
java Main 1000000000	100	500	0.001

0 0 0 0 0 0 0 0 0 0 0 0 0 0 0 0 0 0 0 0 0 0 0 0 0 1 1 1 1 1 1 1 1 1 1 1 1 1 1 1 1 1 1 1 1 1 1 1 1 1 2 2 2 2 2 2 2 2 2 2 2 2 2 2 2 2 2 2 2 2 2 2 2 2 2 3 3 3 3 3 3 3 3 3 3 3 3 3 3 3 3 3 3 3 3 3 3 3 3 3 
1.0 2.0 5.0 1.0 2.0 5.0 1.0 2.0 5.0 1.0 2.0 5.0 1.0 2.0 5.0 1.0 2.0 5.0 1.0 2.0 5.0 1.0 2.0 5.0 1.0 2.0 5.0 1.0 2.0 5.0 1.0 2.0 5.0 1.0 2.0 5.0 1.0 2.0 5.0 1.0 2.0 5.0 1.0 2.0 5.0 1.0 2.0 5.0 1.0 2.0 5.0 1.0 2.0 5.0 1.0 2.0 5.0 1.0 2.0 5.0 1.0 2.0 5.0 1.0 2.0 5.0 1.0 2.0 5.0 1.0 2.0 5.0 1.0 2.0 5.0 1.0 2.0 5.0 1.0 2.0 5.0 1.0 2.0 5.0 1.0 2.0 5.0 1.0 2.0 5.0 1.0 2.0 5.0 1.0 2.0 5.0 1.0 2.0 5.0 1.0 
65.0 66.0 69.0 65.0  se puede conectar en todos nodo
7 51 27 37 34 30 25 96 84 83 75 1 103 92 33 91 81 24 47 71 1 39 76 1 14 0 1 44 77 45 78 13 3 0 24 96 3 38 66 27 15 3 2 1 51 67 27 0 14 3 57 3 100 93 78 43 87 47 52 60 2 78 36 72 51 2 0 3 1 72 81 3 20 2 1 73 23 2 10 72 3 17 81 2 58 53 1 0 2 1 0 40 3 73 22 12 3 75 15 15 
1.0 2.0 5.0 2.0 2.0 5.0 2.0 2.0 10.0 3.0 6.0 15.0 1.0 3.0 5.0 1.0 5.0 5.0 3.0 4.0 14.0 3.0 2.0 15.0 1.0 2.0 10.0 1.0 2.0 10.0 3.0 2.0 15.0 3.0 4.0 8.0 3.0 2.0 5.0 3.0 3.0 15.0 1.0 6.0 5.0 1.0 2.0 14.0 3.0 4.0 5.0 1.0 2.0 10.0 2.0 2.0 10.0 1.0 2.0 5.0 1.0 2.0 10.0 2.0 2.0 5.0 1.0 6.0 15.0 3.0 2.0 13.0 3.0 4.0 12.0 1.0 2.0 14.0 1.0 5.0 15.0 1.0 2.0 15.0 1.0 2.0 5.0 2.0 5.0 15.0 1.0 2.0 15.0 1.0 2.0 5.0 3.0 2.0 5.0 2.0 
23.0 107.0 45.0 90.0 

nodesExpanded : 745201
elapsed time: 7845
java Main 1000000000	100	500	0.001

0 0 0 0 0 0 0 0 0 0 0 0 0 0 0 0 0 0 0 0 0 0 0 0 0 1 1 1 1 1 1 1 1 1 1 1 1 1 1 1 1 1 1 1 1 1 1 1 1 1 2 2 2 2 2 2 2 2 2 2 2 2 2 2 2 2 2 2 2 2 2 2 2 2 2 3 3 3 3 3 3 3 3 3 3 3 3 3 3 3 3 3 3 3 3 3 3 3 3 3 
1.0 2.0 5.0 1.0 2.0 5.0 1.0 2.0 5.0 1.0 2.0 5.0 1.0 2.0 5.0 1.0 2.0 5.0 1.0 2.0 5.0 1.0 2.0 5.0 1.0 2.0 5.0 1.0 2.0 5.0 1.0 2.0 5.0 1.0 2.0 5.0 1.0 2.0 5.0 1.0 2.0 5.0 1.0 2.0 5.0 1.0 2.0 5.0 1.0 2.0 5.0 1.0 2.0 5.0 1.0 2.0 5.0 1.0 2.0 5.0 1.0 2.0 5.0 1.0 2.0 5.0 1.0 2.0 5.0 1.0 2.0 5.0 1.0 2.0 5.0 1.0 2.0 5.0 1.0 2.0 5.0 1.0 2.0 5.0 1.0 2.0 5.0 1.0 2.0 5.0 1.0 2.0 5.0 1.0 2.0 5.0 1.0 2.0 5.0 1.0 
65.0 66.0 69.0 65.0  se puede conectar en todos nodo
97 98 27 100 78 33 25 95 39 7 75 1 103 92 27 51 64 24 44 71 1 80 76 1 35 0 1 44 77 1 65 36 3 70 79 84 3 8 66 58 15 3 2 1 51 14 21 0 14 68 9 3 3 93 78 34 87 44 52 96 2 102 45 37 51 2 0 3 1 78 81 3 60 81 1 24 56 2 23 55 3 17 81 2 58 32 1 0 2 72 0 96 3 73 47 36 3 35 1 15 
1.0 2.0 5.0 2.0 4.0 10.0 1.0 2.0 5.0 1.0 6.0 12.0 1.0 3.0 5.0 1.0 2.0 7.0 1.0 3.0 15.0 2.0 2.0 15.0 1.0 2.0 5.0 1.0 4.0 15.0 3.0 5.0 15.0 2.0 2.0 10.0 1.0 2.0 5.0 1.0 5.0 15.0 1.0 6.0 5.0 1.0 2.0 15.0 3.0 2.0 5.0 3.0 6.0 5.0 3.0 2.0 8.0 1.0 2.0 5.0 3.0 5.0 10.0 1.0 4.0 5.0 3.0 5.0 15.0 3.0 2.0 11.0 3.0 6.0 15.0 3.0 4.0 15.0 1.0 2.0 15.0 1.0 2.0 13.0 1.0 2.0 5.0 1.0 5.0 10.0 1.0 4.0 14.0 2.0 4.0 5.0 3.0 2.0 10.0 2.0 
22.0 113.0 42.0 88.0 

nodesExpanded : 745201
elapsed time: 8174
java Main 1000000000	100	500	0.001

0 0 0 0 0 0 0 0 0 0 0 0 0 0 0 0 0 0 0 0 0 0 0 0 0 1 1 1 1 1 1 1 1 1 1 1 1 1 1 1 1 1 1 1 1 1 1 1 1 1 2 2 2 2 2 2 2 2 2 2 2 2 2 2 2 2 2 2 2 2 2 2 2 2 2 3 3 3 3 3 3 3 3 3 3 3 3 3 3 3 3 3 3 3 3 3 3 3 3 3 
1.0 2.0 5.0 1.0 2.0 5.0 1.0 2.0 5.0 1.0 2.0 5.0 1.0 2.0 5.0 1.0 2.0 5.0 1.0 2.0 5.0 1.0 2.0 5.0 1.0 2.0 5.0 1.0 2.0 5.0 1.0 2.0 5.0 1.0 2.0 5.0 1.0 2.0 5.0 1.0 2.0 5.0 1.0 2.0 5.0 1.0 2.0 5.0 1.0 2.0 5.0 1.0 2.0 5.0 1.0 2.0 5.0 1.0 2.0 5.0 1.0 2.0 5.0 1.0 2.0 5.0 1.0 2.0 5.0 1.0 2.0 5.0 1.0 2.0 5.0 1.0 2.0 5.0 1.0 2.0 5.0 1.0 2.0 5.0 1.0 2.0 5.0 1.0 2.0 5.0 1.0 2.0 5.0 1.0 2.0 5.0 1.0 2.0 5.0 1.0 
65.0 66.0 69.0 65.0  se puede conectar en todos nodo
72 51 33 72 102 45 80 86 45 7 36 1 103 2 93 51 2 27 47 96 78 23 76 1 52 0 27 22 85 1 15 25 3 70 79 96 3 24 75 73 1 3 2 1 51 4 58 0 80 3 93 100 3 72 24 34 87 47 14 84 81 102 60 7 19 2 0 3 1 1 81 3 20 81 1 65 36 2 10 56 3 17 74 2 43 53 15 0 2 1 0 40 3 37 44 42 3 83 1 15 
2.0 2.0 5.0 3.0 2.0 5.0 2.0 2.0 5.0 1.0 4.0 15.0 1.0 5.0 5.0 3.0 5.0 5.0 2.0 5.0 10.0 3.0 2.0 15.0 1.0 2.0 5.0 1.0 2.0 10.0 3.0 2.0 15.0 2.0 2.0 5.0 3.0 2.0 10.0 2.0 4.0 15.0 1.0 5.0 5.0 1.0 2.0 15.0 2.0 4.0 5.0 1.0 6.0 5.0 3.0 2.0 10.0 1.0 2.0 5.0 1.0 5.0 5.0 1.0 2.0 5.0 3.0 2.0 15.0 3.0 6.0 15.0 3.0 2.0 15.0 3.0 6.0 14.0 1.0 4.0 10.0 3.0 4.0 15.0 1.0 2.0 5.0 1.0 2.0 15.0 1.0 2.0 15.0 1.0 2.0 5.0 2.0 2.0 12.0 2.0 
22.0 109.0 47.0 87.0 

nodesExpanded : 745201
elapsed time: 6830
java Main 1000000000	100	500	0.001

0 0 0 0 0 0 0 0 0 0 0 0 0 0 0 0 0 0 0 0 0 0 0 0 0 1 1 1 1 1 1 1 1 1 1 1 1 1 1 1 1 1 1 1 1 1 1 1 1 1 2 2 2 2 2 2 2 2 2 2 2 2 2 2 2 2 2 2 2 2 2 2 2 2 2 3 3 3 3 3 3 3 3 3 3 3 3 3 3 3 3 3 3 3 3 3 3 3 3 3 
1.0 2.0 5.0 1.0 2.0 5.0 1.0 2.0 5.0 1.0 2.0 5.0 1.0 2.0 5.0 1.0 2.0 5.0 1.0 2.0 5.0 1.0 2.0 5.0 1.0 2.0 5.0 1.0 2.0 5.0 1.0 2.0 5.0 1.0 2.0 5.0 1.0 2.0 5.0 1.0 2.0 5.0 1.0 2.0 5.0 1.0 2.0 5.0 1.0 2.0 5.0 1.0 2.0 5.0 1.0 2.0 5.0 1.0 2.0 5.0 1.0 2.0 5.0 1.0 2.0 5.0 1.0 2.0 5.0 1.0 2.0 5.0 1.0 2.0 5.0 1.0 2.0 5.0 1.0 2.0 5.0 1.0 2.0 5.0 1.0 2.0 5.0 1.0 2.0 5.0 1.0 2.0 5.0 1.0 2.0 5.0 1.0 2.0 5.0 1.0 
65.0 66.0 69.0 65.0  se puede conectar en todos nodo
7 98 21 72 78 45 25 40 42 55 83 1 103 92 9 0 87 24 44 71 1 36 76 1 49 0 93 22 17 1 72 80 3 70 58 96 3 34 75 97 1 3 2 15 51 57 8 0 13 3 30 3 100 27 65 79 87 15 35 36 81 102 84 7 19 81 0 96 1 72 81 3 20 2 1 78 3 2 10 3 3 2 74 2 8 53 51 0 2 1 0 3 3 73 47 66 3 14 1 15 
1.0 2.0 5.0 3.0 5.0 10.0 2.0 2.0 5.0 2.0 4.0 14.0 1.0 4.0 5.0 3.0 5.0 10.0 2.0 2.0 15.0 3.0 2.0 12.0 1.0 2.0 10.0 1.0 2.0 5.0 3.0 4.0 13.0 1.0 2.0 5.0 3.0 2.0 10.0 1.0 4.0 15.0 1.0 6.0 5.0 2.0 2.0 15.0 1.0 4.0 5.0 3.0 2.0 7.0 3.0 2.0 5.0 1.0 2.0 5.0 1.0 5.0 10.0 1.0 2.0 5.0 2.0 4.0 14.0 3.0 4.0 15.0 3.0 2.0 13.0 3.0 6.0 15.0 1.0 6.0 15.0 1.0 2.0 15.0 1.0 2.0 5.0 1.0 6.0 15.0 1.0 2.0 14.0 2.0 4.0 5.0 3.0 2.0 10.0 2.0 
24.0 102.0 40.0 99.0 

nodesExpanded : 745201
elapsed time: 6828
java Main 1000000000	100	500	0.001

0 0 0 0 0 0 0 0 0 0 0 0 0 0 0 0 0 0 0 0 0 0 0 0 0 1 1 1 1 1 1 1 1 1 1 1 1 1 1 1 1 1 1 1 1 1 1 1 1 1 2 2 2 2 2 2 2 2 2 2 2 2 2 2 2 2 2 2 2 2 2 2 2 2 2 3 3 3 3 3 3 3 3 3 3 3 3 3 3 3 3 3 3 3 3 3 3 3 3 3 
1.0 2.0 5.0 1.0 2.0 5.0 1.0 2.0 5.0 1.0 2.0 5.0 1.0 2.0 5.0 1.0 2.0 5.0 1.0 2.0 5.0 1.0 2.0 5.0 1.0 2.0 5.0 1.0 2.0 5.0 1.0 2.0 5.0 1.0 2.0 5.0 1.0 2.0 5.0 1.0 2.0 5.0 1.0 2.0 5.0 1.0 2.0 5.0 1.0 2.0 5.0 1.0 2.0 5.0 1.0 2.0 5.0 1.0 2.0 5.0 1.0 2.0 5.0 1.0 2.0 5.0 1.0 2.0 5.0 1.0 2.0 5.0 1.0 2.0 5.0 1.0 2.0 5.0 1.0 2.0 5.0 1.0 2.0 5.0 1.0 2.0 5.0 1.0 2.0 5.0 1.0 2.0 5.0 1.0 2.0 5.0 1.0 2.0 5.0 1.0 
65.0 66.0 69.0 65.0  se puede conectar en todos nodo
7 31 57 72 78 45 25 40 36 7 75 1 103 92 27 51 87 24 44 56 1 23 64 1 52 0 33 47 77 1 24 80 3 70 8 84 3 58 66 27 1 3 2 1 3 67 43 0 83 3 9 100 3 93 65 34 69 47 101 36 2 102 96 72 19 2 0 3 1 1 81 3 20 2 15 73 71 2 28 72 3 17 2 81 79 53 51 0 2 1 0 3 3 78 22 39 3 14 1 1 
1.0 2.0 5.0 3.0 4.0 10.0 1.0 2.0 5.0 1.0 6.0 15.0 1.0 3.0 5.0 3.0 3.0 5.0 3.0 4.0 13.0 2.0 2.0 13.0 2.0 2.0 5.0 3.0 2.0 10.0 3.0 2.0 15.0 1.0 2.0 10.0 3.0 2.0 5.0 3.0 5.0 15.0 1.0 6.0 5.0 1.0 2.0 13.0 3.0 4.0 5.0 1.0 6.0 10.0 3.0 2.0 5.0 1.0 2.0 5.0 3.0 5.0 10.0 2.0 2.0 10.0 2.0 6.0 15.0 3.0 2.0 11.0 1.0 4.0 10.0 2.0 4.0 15.0 1.0 5.0 15.0 1.0 2.0 8.0 1.0 2.0 5.0 1.0 5.0 15.0 1.0 2.0 15.0 1.0 2.0 5.0 2.0 4.0 10.0 2.0 
19.0 107.0 40.0 99.0 

nodesExpanded : 745201
elapsed time: 8154
java Main 1000000000	100	500	0.001

0 0 0 0 0 0 0 0 0 0 0 0 0 0 0 0 0 0 0 0 0 0 0 0 0 1 1 1 1 1 1 1 1 1 1 1 1 1 1 1 1 1 1 1 1 1 1 1 1 1 2 2 2 2 2 2 2 2 2 2 2 2 2 2 2 2 2 2 2 2 2 2 2 2 2 3 3 3 3 3 3 3 3 3 3 3 3 3 3 3 3 3 3 3 3 3 3 3 3 3 
1.0 2.0 5.0 1.0 2.0 5.0 1.0 2.0 5.0 1.0 2.0 5.0 1.0 2.0 5.0 1.0 2.0 5.0 1.0 2.0 5.0 1.0 2.0 5.0 1.0 2.0 5.0 1.0 2.0 5.0 1.0 2.0 5.0 1.0 2.0 5.0 1.0 2.0 5.0 1.0 2.0 5.0 1.0 2.0 5.0 1.0 2.0 5.0 1.0 2.0 5.0 1.0 2.0 5.0 1.0 2.0 5.0 1.0 2.0 5.0 1.0 2.0 5.0 1.0 2.0 5.0 1.0 2.0 5.0 1.0 2.0 5.0 1.0 2.0 5.0 1.0 2.0 5.0 1.0 2.0 5.0 1.0 2.0 5.0 1.0 2.0 5.0 1.0 2.0 5.0 1.0 2.0 5.0 1.0 2.0 5.0 1.0 2.0 5.0 1.0 
65.0 66.0 69.0 65.0  se puede conectar en todos nodo
7 31 33 72 24 45 25 95 39 75 75 1 103 2 33 51 2 24 44 55 1 80 76 1 35 0 1 15 85 1 72 36 3 70 79 84 3 88 66 58 47 3 2 1 51 14 97 0 4 68 57 56 3 27 78 34 96 44 35 45 81 1 3 37 51 2 0 100 1 78 86 3 20 2 1 65 36 2 10 72 3 17 81 81 8 3 1 0 2 75 0 96 3 78 91 42 3 83 15 15 
2.0 2.0 5.0 3.0 5.0 5.0 2.0 2.0 5.0 1.0 3.0 15.0 1.0 5.0 5.0 1.0 5.0 5.0 1.0 2.0 15.0 3.0 2.0 15.0 1.0 2.0 5.0 3.0 2.0 15.0 3.0 5.0 15.0 2.0 2.0 10.0 1.0 2.0 10.0 1.0 4.0 15.0 1.0 6.0 5.0 1.0 2.0 15.0 1.0 2.0 5.0 3.0 5.0 10.0 2.0 2.0 5.0 1.0 2.0 5.0 1.0 5.0 15.0 1.0 4.0 5.0 3.0 2.0 15.0 1.0 2.0 14.0 3.0 2.0 11.0 3.0 5.0 15.0 1.0 4.0 15.0 3.0 4.0 5.0 3.0 2.0 5.0 3.0 2.0 5.0 1.0 4.0 14.0 3.0 2.0 5.0 3.0 2.0 5.0 2.0 
24.0 107.0 35.0 99.0 

nodesExpanded : 745201
elapsed time: 8002
java Main 1000000000	100	500	0.001

0 0 0 0 0 0 0 0 0 0 0 0 0 0 0 0 0 0 0 0 0 0 0 0 0 1 1 1 1 1 1 1 1 1 1 1 1 1 1 1 1 1 1 1 1 1 1 1 1 1 2 2 2 2 2 2 2 2 2 2 2 2 2 2 2 2 2 2 2 2 2 2 2 2 2 3 3 3 3 3 3 3 3 3 3 3 3 3 3 3 3 3 3 3 3 3 3 3 3 3 
1.0 2.0 5.0 1.0 2.0 5.0 1.0 2.0 5.0 1.0 2.0 5.0 1.0 2.0 5.0 1.0 2.0 5.0 1.0 2.0 5.0 1.0 2.0 5.0 1.0 2.0 5.0 1.0 2.0 5.0 1.0 2.0 5.0 1.0 2.0 5.0 1.0 2.0 5.0 1.0 2.0 5.0 1.0 2.0 5.0 1.0 2.0 5.0 1.0 2.0 5.0 1.0 2.0 5.0 1.0 2.0 5.0 1.0 2.0 5.0 1.0 2.0 5.0 1.0 2.0 5.0 1.0 2.0 5.0 1.0 2.0 5.0 1.0 2.0 5.0 1.0 2.0 5.0 1.0 2.0 5.0 1.0 2.0 5.0 1.0 2.0 5.0 1.0 2.0 5.0 1.0 2.0 5.0 1.0 2.0 5.0 1.0 2.0 5.0 1.0 
65.0 66.0 69.0 65.0  se puede conectar en todos nodo
72 19 21 37 102 30 42 95 66 36 13 1 103 2 93 51 64 24 44 96 1 23 76 72 52 0 45 47 77 1 65 36 3 0 78 3 3 27 75 58 15 3 2 1 51 97 27 0 35 3 57 40 3 33 65 79 87 47 35 84 2 102 39 7 51 81 0 100 1 78 81 3 23 17 1 78 75 2 10 56 3 92 81 2 58 53 15 0 2 1 0 96 3 73 31 63 3 83 1 15 
1.0 2.0 5.0 2.0 2.0 5.0 2.0 2.0 5.0 3.0 2.0 15.0 1.0 6.0 5.0 3.0 2.0 10.0 1.0 6.0 15.0 1.0 2.0 9.0 1.0 2.0 10.0 3.0 2.0 15.0 1.0 6.0 14.0 3.0 2.0 15.0 2.0 2.0 7.0 1.0 3.0 15.0 1.0 6.0 5.0 1.0 2.0 15.0 2.0 4.0 5.0 1.0 6.0 10.0 3.0 2.0 5.0 1.0 2.0 10.0 3.0 6.0 10.0 1.0 2.0 5.0 1.0 2.0 15.0 3.0 2.0 14.0 3.0 4.0 13.0 3.0 2.0 14.0 1.0 4.0 15.0 1.0 2.0 10.0 1.0 2.0 5.0 1.0 3.0 10.0 1.0 4.0 15.0 2.0 2.0 5.0 3.0 2.0 13.0 2.0 
23.0 102.0 37.0 103.0 

nodesExpanded : 745201
elapsed time: 7965
java Main 100000000	1000	50	0.001

0 0 0 0 0 0 0 0 0 0 0 0 0 0 0 0 0 0 0 0 0 0 0 0 0 1 1 1 1 1 1 1 1 1 1 1 1 1 1 1 1 1 1 1 1 1 1 1 1 1 2 2 2 2 2 2 2 2 2 2 2 2 2 2 2 2 2 2 2 2 2 2 2 2 2 3 3 3 3 3 3 3 3 3 3 3 3 3 3 3 3 3 3 3 3 3 3 3 3 3 
1.0 2.0 5.0 1.0 2.0 5.0 1.0 2.0 5.0 1.0 2.0 5.0 1.0 2.0 5.0 1.0 2.0 5.0 1.0 2.0 5.0 1.0 2.0 5.0 1.0 2.0 5.0 1.0 2.0 5.0 1.0 2.0 5.0 1.0 2.0 5.0 1.0 2.0 5.0 1.0 2.0 5.0 1.0 2.0 5.0 1.0 2.0 5.0 1.0 2.0 5.0 1.0 2.0 5.0 1.0 2.0 5.0 1.0 2.0 5.0 1.0 2.0 5.0 1.0 2.0 5.0 1.0 2.0 5.0 1.0 2.0 5.0 1.0 2.0 5.0 1.0 2.0 5.0 1.0 2.0 5.0 1.0 2.0 5.0 1.0 2.0 5.0 1.0 2.0 5.0 1.0 2.0 5.0 1.0 2.0 5.0 1.0 2.0 5.0 1.0 
65.0 66.0 69.0 65.0  se puede conectar en todos nodo
67 19 33 37 65 45 80 95 75 55 36 1 103 2 9 51 2 24 47 71 1 23 76 1 52 0 33 22 77 1 24 83 3 70 79 3 3 73 66 58 1 3 2 15 51 67 8 0 35 3 93 100 3 78 78 21 87 47 101 60 81 102 39 72 51 2 0 96 1 1 81 3 20 17 1 78 56 2 25 72 3 92 81 2 34 53 1 0 2 27 0 96 3 72 44 12 3 14 1 15 
1.0 2.0 5.0 1.0 4.0 10.0 1.0 2.0 10.0 1.0 6.0 12.0 1.0 6.0 5.0 3.0 5.0 7.0 2.0 4.0 14.0 2.0 2.0 15.0 1.0 2.0 5.0 1.0 2.0 15.0 2.0 4.0 11.0 2.0 2.0 15.0 1.0 2.0 5.0 1.0 4.0 15.0 1.0 5.0 5.0 1.0 2.0 15.0 2.0 4.0 5.0 2.0 5.0 5.0 2.0 2.0 10.0 1.0 2.0 5.0 1.0 6.0 10.0 3.0 2.0 5.0 3.0 6.0 15.0 3.0 2.0 15.0 3.0 4.0 15.0 3.0 3.0 10.0 1.0 6.0 5.0 1.0 2.0 15.0 1.0 2.0 5.0 1.0 3.0 10.0 1.0 4.0 15.0 1.0 2.0 5.0 3.0 4.0 11.0 2.0 
22.0 109.0 45.0 89.0 

nodesExpanded : 746001
elapsed time: 6847
java Main 100000000	1000	50	0.001

0 0 0 0 0 0 0 0 0 0 0 0 0 0 0 0 0 0 0 0 0 0 0 0 0 1 1 1 1 1 1 1 1 1 1 1 1 1 1 1 1 1 1 1 1 1 1 1 1 1 2 2 2 2 2 2 2 2 2 2 2 2 2 2 2 2 2 2 2 2 2 2 2 2 2 3 3 3 3 3 3 3 3 3 3 3 3 3 3 3 3 3 3 3 3 3 3 3 3 3 
1.0 2.0 5.0 1.0 2.0 5.0 1.0 2.0 5.0 1.0 2.0 5.0 1.0 2.0 5.0 1.0 2.0 5.0 1.0 2.0 5.0 1.0 2.0 5.0 1.0 2.0 5.0 1.0 2.0 5.0 1.0 2.0 5.0 1.0 2.0 5.0 1.0 2.0 5.0 1.0 2.0 5.0 1.0 2.0 5.0 1.0 2.0 5.0 1.0 2.0 5.0 1.0 2.0 5.0 1.0 2.0 5.0 1.0 2.0 5.0 1.0 2.0 5.0 1.0 2.0 5.0 1.0 2.0 5.0 1.0 2.0 5.0 1.0 2.0 5.0 1.0 2.0 5.0 1.0 2.0 5.0 1.0 2.0 5.0 1.0 2.0 5.0 1.0 2.0 5.0 1.0 2.0 5.0 1.0 2.0 5.0 1.0 2.0 5.0 1.0 
65.0 66.0 69.0 65.0  se puede conectar en todos nodo
7 19 93 100 73 45 25 96 39 55 75 1 103 2 57 51 81 33 47 71 1 56 76 1 35 0 93 22 77 72 65 75 3 0 34 3 3 88 36 79 1 3 2 1 51 67 97 0 35 3 9 3 3 27 24 58 84 47 14 42 81 102 96 37 51 2 0 3 1 1 86 3 20 17 15 24 23 2 10 70 87 92 81 2 24 53 1 0 2 1 0 40 3 78 44 12 3 52 1 15 
1.0 2.0 5.0 2.0 2.0 10.0 2.0 2.0 10.0 1.0 4.0 15.0 1.0 6.0 5.0 3.0 5.0 5.0 2.0 4.0 13.0 3.0 2.0 15.0 1.0 2.0 5.0 1.0 2.0 10.0 3.0 6.0 15.0 3.0 2.0 15.0 3.0 2.0 10.0 1.0 4.0 15.0 1.0 5.0 5.0 1.0 2.0 15.0 3.0 4.0 5.0 2.0 5.0 10.0 3.0 2.0 5.0 1.0 2.0 5.0 1.0 5.0 5.0 2.0 2.0 5.0 3.0 6.0 15.0 3.0 2.0 15.0 3.0 4.0 8.0 2.0 2.0 15.0 1.0 2.0 10.0 1.0 4.0 15.0 3.0 2.0 5.0 1.0 3.0 15.0 1.0 2.0 12.0 3.0 2.0 5.0 3.0 2.0 10.0 2.0 
25.0 100.0 45.0 95.0 

nodesExpanded : 746001
elapsed time: 6891
java Main 100000000	1000	50	0.001

0 0 0 0 0 0 0 0 0 0 0 0 0 0 0 0 0 0 0 0 0 0 0 0 0 1 1 1 1 1 1 1 1 1 1 1 1 1 1 1 1 1 1 1 1 1 1 1 1 1 2 2 2 2 2 2 2 2 2 2 2 2 2 2 2 2 2 2 2 2 2 2 2 2 2 3 3 3 3 3 3 3 3 3 3 3 3 3 3 3 3 3 3 3 3 3 3 3 3 3 
1.0 2.0 5.0 1.0 2.0 5.0 1.0 2.0 5.0 1.0 2.0 5.0 1.0 2.0 5.0 1.0 2.0 5.0 1.0 2.0 5.0 1.0 2.0 5.0 1.0 2.0 5.0 1.0 2.0 5.0 1.0 2.0 5.0 1.0 2.0 5.0 1.0 2.0 5.0 1.0 2.0 5.0 1.0 2.0 5.0 1.0 2.0 5.0 1.0 2.0 5.0 1.0 2.0 5.0 1.0 2.0 5.0 1.0 2.0 5.0 1.0 2.0 5.0 1.0 2.0 5.0 1.0 2.0 5.0 1.0 2.0 5.0 1.0 2.0 5.0 1.0 2.0 5.0 1.0 2.0 5.0 1.0 2.0 5.0 1.0 2.0 5.0 1.0 2.0 5.0 1.0 2.0 5.0 1.0 2.0 5.0 1.0 2.0 5.0 1.0 
65.0 66.0 69.0 65.0  se puede conectar en todos nodo
97 19 57 37 78 45 25 40 42 83 75 1 103 2 33 51 2 24 47 55 1 80 76 1 52 0 93 22 85 27 78 75 3 0 43 3 3 21 39 24 1 3 2 15 3 14 8 0 35 3 9 3 100 72 65 50 87 15 13 84 2 102 36 7 51 2 0 96 1 78 2 3 20 2 1 58 96 2 10 3 3 17 74 81 79 53 51 0 2 1 0 96 3 34 47 66 3 35 1 15 
1.0 2.0 5.0 2.0 6.0 10.0 2.0 2.0 5.0 3.0 3.0 14.0 1.0 5.0 5.0 3.0 5.0 7.0 2.0 2.0 15.0 3.0 2.0 15.0 1.0 2.0 5.0 1.0 2.0 10.0 3.0 6.0 15.0 3.0 2.0 15.0 3.0 2.0 10.0 3.0 2.0 15.0 1.0 6.0 5.0 1.0 4.0 15.0 2.0 4.0 5.0 3.0 2.0 10.0 3.0 2.0 5.0 1.0 2.0 5.0 1.0 5.0 10.0 1.0 2.0 5.0 1.0 2.0 15.0 1.0 4.0 14.0 3.0 2.0 15.0 2.0 5.0 15.0 1.0 5.0 10.0 3.0 2.0 10.0 1.0 2.0 5.0 1.0 2.0 10.0 1.0 2.0 14.0 2.0 2.0 5.0 3.0 2.0 10.0 2.0 
23.0 96.0 40.0 106.0 

nodesExpanded : 746001
elapsed time: 6977
java Main 100000000	1000	50	0.001

0 0 0 0 0 0 0 0 0 0 0 0 0 0 0 0 0 0 0 0 0 0 0 0 0 1 1 1 1 1 1 1 1 1 1 1 1 1 1 1 1 1 1 1 1 1 1 1 1 1 2 2 2 2 2 2 2 2 2 2 2 2 2 2 2 2 2 2 2 2 2 2 2 2 2 3 3 3 3 3 3 3 3 3 3 3 3 3 3 3 3 3 3 3 3 3 3 3 3 3 
1.0 2.0 5.0 1.0 2.0 5.0 1.0 2.0 5.0 1.0 2.0 5.0 1.0 2.0 5.0 1.0 2.0 5.0 1.0 2.0 5.0 1.0 2.0 5.0 1.0 2.0 5.0 1.0 2.0 5.0 1.0 2.0 5.0 1.0 2.0 5.0 1.0 2.0 5.0 1.0 2.0 5.0 1.0 2.0 5.0 1.0 2.0 5.0 1.0 2.0 5.0 1.0 2.0 5.0 1.0 2.0 5.0 1.0 2.0 5.0 1.0 2.0 5.0 1.0 2.0 5.0 1.0 2.0 5.0 1.0 2.0 5.0 1.0 2.0 5.0 1.0 2.0 5.0 1.0 2.0 5.0 1.0 2.0 5.0 1.0 2.0 5.0 1.0 2.0 5.0 1.0 2.0 5.0 1.0 2.0 5.0 1.0 2.0 5.0 1.0 
65.0 66.0 69.0 65.0  se puede conectar en todos nodo
7 51 27 72 79 33 66 95 45 75 75 1 103 2 33 91 86 24 47 96 1 23 60 1 52 0 1 47 85 1 78 36 3 0 34 3 3 21 39 27 1 3 2 1 51 4 58 0 13 3 30 3 100 30 65 43 96 44 14 3 2 102 36 72 51 2 0 40 1 72 2 3 64 2 1 78 55 2 10 37 87 17 74 81 97 53 1 0 2 45 0 3 3 73 22 42 3 67 15 1 
2.0 2.0 5.0 3.0 2.0 5.0 2.0 2.0 5.0 3.0 4.0 15.0 1.0 5.0 5.0 1.0 2.0 7.0 3.0 3.0 12.0 1.0 2.0 13.0 1.0 2.0 15.0 1.0 2.0 15.0 3.0 2.0 14.0 3.0 2.0 15.0 3.0 2.0 10.0 3.0 3.0 15.0 1.0 6.0 5.0 1.0 2.0 14.0 2.0 4.0 5.0 3.0 2.0 5.0 3.0 2.0 7.0 1.0 2.0 5.0 2.0 5.0 7.0 3.0 2.0 5.0 1.0 2.0 14.0 3.0 6.0 12.0 1.0 2.0 11.0 3.0 2.0 15.0 1.0 2.0 5.0 3.0 4.0 10.0 1.0 2.0 5.0 2.0 2.0 5.0 1.0 4.0 15.0 2.0 2.0 5.0 3.0 2.0 10.0 2.0 
23.0 111.0 38.0 93.0 

nodesExpanded : 746001
elapsed time: 6719
java Main 100000000	1000	50	0.001

0 0 0 0 0 0 0 0 0 0 0 0 0 0 0 0 0 0 0 0 0 0 0 0 0 1 1 1 1 1 1 1 1 1 1 1 1 1 1 1 1 1 1 1 1 1 1 1 1 1 2 2 2 2 2 2 2 2 2 2 2 2 2 2 2 2 2 2 2 2 2 2 2 2 2 3 3 3 3 3 3 3 3 3 3 3 3 3 3 3 3 3 3 3 3 3 3 3 3 3 
1.0 2.0 5.0 1.0 2.0 5.0 1.0 2.0 5.0 1.0 2.0 5.0 1.0 2.0 5.0 1.0 2.0 5.0 1.0 2.0 5.0 1.0 2.0 5.0 1.0 2.0 5.0 1.0 2.0 5.0 1.0 2.0 5.0 1.0 2.0 5.0 1.0 2.0 5.0 1.0 2.0 5.0 1.0 2.0 5.0 1.0 2.0 5.0 1.0 2.0 5.0 1.0 2.0 5.0 1.0 2.0 5.0 1.0 2.0 5.0 1.0 2.0 5.0 1.0 2.0 5.0 1.0 2.0 5.0 1.0 2.0 5.0 1.0 2.0 5.0 1.0 2.0 5.0 1.0 2.0 5.0 1.0 2.0 5.0 1.0 2.0 5.0 1.0 2.0 5.0 1.0 2.0 5.0 1.0 2.0 5.0 1.0 2.0 5.0 1.0 
65.0 66.0 69.0 65.0  se puede conectar en todos nodo
67 31 33 72 73 45 80 71 75 7 83 1 103 2 57 51 87 27 47 96 1 23 76 1 35 0 75 44 77 93 65 36 3 70 34 84 3 79 36 27 1 3 2 1 51 67 43 0 13 68 9 100 3 24 78 97 69 47 35 60 81 102 96 72 51 2 0 56 1 72 17 3 20 81 1 78 3 2 10 3 3 17 81 2 58 32 1 0 2 1 0 40 3 78 22 39 3 25 15 1 
1.0 2.0 5.0 3.0 2.0 10.0 2.0 2.0 5.0 2.0 2.0 15.0 1.0 5.0 5.0 1.0 5.0 5.0 3.0 5.0 15.0 3.0 2.0 13.0 1.0 2.0 5.0 3.0 4.0 10.0 3.0 5.0 15.0 1.0 2.0 10.0 3.0 2.0 5.0 3.0 5.0 15.0 1.0 6.0 5.0 1.0 2.0 15.0 1.0 2.0 5.0 1.0 6.0 10.0 2.0 2.0 10.0 1.0 2.0 5.0 1.0 5.0 5.0 3.0 4.0 15.0 2.0 4.0 14.0 3.0 2.0 15.0 3.0 6.0 13.0 3.0 4.0 14.0 1.0 4.0 15.0 1.0 2.0 10.0 1.0 2.0 5.0 1.0 2.0 15.0 1.0 2.0 15.0 3.0 2.0 5.0 2.0 2.0 10.0 2.0 
21.0 103.0 47.0 94.0 

nodesExpanded : 746001
elapsed time: 6790
java Main 100000000	1000	50	0.001

0 0 0 0 0 0 0 0 0 0 0 0 0 0 0 0 0 0 0 0 0 0 0 0 0 1 1 1 1 1 1 1 1 1 1 1 1 1 1 1 1 1 1 1 1 1 1 1 1 1 2 2 2 2 2 2 2 2 2 2 2 2 2 2 2 2 2 2 2 2 2 2 2 2 2 3 3 3 3 3 3 3 3 3 3 3 3 3 3 3 3 3 3 3 3 3 3 3 3 3 
1.0 2.0 5.0 1.0 2.0 5.0 1.0 2.0 5.0 1.0 2.0 5.0 1.0 2.0 5.0 1.0 2.0 5.0 1.0 2.0 5.0 1.0 2.0 5.0 1.0 2.0 5.0 1.0 2.0 5.0 1.0 2.0 5.0 1.0 2.0 5.0 1.0 2.0 5.0 1.0 2.0 5.0 1.0 2.0 5.0 1.0 2.0 5.0 1.0 2.0 5.0 1.0 2.0 5.0 1.0 2.0 5.0 1.0 2.0 5.0 1.0 2.0 5.0 1.0 2.0 5.0 1.0 2.0 5.0 1.0 2.0 5.0 1.0 2.0 5.0 1.0 2.0 5.0 1.0 2.0 5.0 1.0 2.0 5.0 1.0 2.0 5.0 1.0 2.0 5.0 1.0 2.0 5.0 1.0 2.0 5.0 1.0 2.0 5.0 1.0 
65.0 66.0 69.0 65.0  se puede conectar en todos nodo
72 98 57 37 34 27 25 96 66 55 35 1 102 2 33 0 81 78 44 96 102 23 76 1 52 0 72 22 77 1 78 83 3 0 97 84 3 21 75 79 1 3 2 15 51 4 27 0 101 3 45 3 100 93 24 58 87 15 80 60 81 103 36 7 19 2 0 40 1 72 17 3 20 81 1 73 96 2 39 3 3 17 2 2 24 53 51 0 2 1 0 3 3 27 47 42 3 45 1 15 
2.0 2.0 5.0 2.0 2.0 5.0 1.0 2.0 5.0 1.0 2.0 15.0 1.0 5.0 5.0 3.0 5.0 7.0 2.0 4.0 9.0 2.0 2.0 15.0 1.0 2.0 5.0 1.0 2.0 10.0 3.0 4.0 15.0 3.0 2.0 6.0 3.0 2.0 10.0 1.0 4.0 14.0 1.0 6.0 5.0 1.0 2.0 15.0 2.0 4.0 5.0 2.0 2.0 10.0 3.0 2.0 10.0 1.0 2.0 5.0 1.0 2.0 10.0 1.0 2.0 5.0 1.0 2.0 15.0 3.0 2.0 15.0 3.0 4.0 15.0 2.0 4.0 15.0 1.0 6.0 11.0 1.0 2.0 15.0 1.0 2.0 5.0 1.0 2.0 15.0 1.0 2.0 15.0 3.0 4.0 5.0 3.0 4.0 15.0 3.0 
26.0 104.0 45.0 90.0 

nodesExpanded : 746001
elapsed time: 8044
java Main 100000000	1000	50	0.001

0 0 0 0 0 0 0 0 0 0 0 0 0 0 0 0 0 0 0 0 0 0 0 0 0 1 1 1 1 1 1 1 1 1 1 1 1 1 1 1 1 1 1 1 1 1 1 1 1 1 2 2 2 2 2 2 2 2 2 2 2 2 2 2 2 2 2 2 2 2 2 2 2 2 2 3 3 3 3 3 3 3 3 3 3 3 3 3 3 3 3 3 3 3 3 3 3 3 3 3 
1.0 2.0 5.0 1.0 2.0 5.0 1.0 2.0 5.0 1.0 2.0 5.0 1.0 2.0 5.0 1.0 2.0 5.0 1.0 2.0 5.0 1.0 2.0 5.0 1.0 2.0 5.0 1.0 2.0 5.0 1.0 2.0 5.0 1.0 2.0 5.0 1.0 2.0 5.0 1.0 2.0 5.0 1.0 2.0 5.0 1.0 2.0 5.0 1.0 2.0 5.0 1.0 2.0 5.0 1.0 2.0 5.0 1.0 2.0 5.0 1.0 2.0 5.0 1.0 2.0 5.0 1.0 2.0 5.0 1.0 2.0 5.0 1.0 2.0 5.0 1.0 2.0 5.0 1.0 2.0 5.0 1.0 2.0 5.0 1.0 2.0 5.0 1.0 2.0 5.0 1.0 2.0 5.0 1.0 2.0 5.0 1.0 2.0 5.0 1.0 
65.0 66.0 69.0 65.0  se puede conectar en todos nodo
7 51 21 37 79 75 36 40 63 36 80 1 103 92 33 91 64 78 47 95 102 36 76 1 101 0 45 22 17 1 24 13 3 0 72 84 3 58 96 72 1 3 2 15 3 97 67 0 25 3 9 100 3 93 65 43 3 47 10 60 81 15 45 72 51 2 0 96 1 1 2 3 71 2 1 24 56 2 25 3 3 2 81 81 34 53 51 0 2 27 0 3 3 73 44 39 3 83 1 1 
1.0 2.0 5.0 2.0 2.0 10.0 3.0 2.0 5.0 3.0 2.0 15.0 1.0 4.0 5.0 1.0 2.0 10.0 2.0 2.0 10.0 3.0 2.0 15.0 1.0 2.0 5.0 1.0 2.0 10.0 2.0 2.0 14.0 3.0 2.0 10.0 3.0 2.0 5.0 3.0 4.0 15.0 1.0 5.0 5.0 1.0 2.0 14.0 1.0 4.0 5.0 1.0 6.0 5.0 3.0 2.0 15.0 1.0 2.0 10.0 3.0 5.0 5.0 3.0 2.0 5.0 1.0 5.0 13.0 3.0 2.0 15.0 3.0 2.0 15.0 3.0 4.0 15.0 1.0 5.0 15.0 1.0 2.0 5.0 1.0 2.0 5.0 2.0 6.0 10.0 1.0 4.0 15.0 2.0 2.0 5.0 2.0 3.0 15.0 2.0 
23.0 92.0 32.0 118.0 

nodesExpanded : 746001
elapsed time: 7878
java Main 100000000	1000	50	0.001

0 0 0 0 0 0 0 0 0 0 0 0 0 0 0 0 0 0 0 0 0 0 0 0 0 1 1 1 1 1 1 1 1 1 1 1 1 1 1 1 1 1 1 1 1 1 1 1 1 1 2 2 2 2 2 2 2 2 2 2 2 2 2 2 2 2 2 2 2 2 2 2 2 2 2 3 3 3 3 3 3 3 3 3 3 3 3 3 3 3 3 3 3 3 3 3 3 3 3 3 
1.0 2.0 5.0 1.0 2.0 5.0 1.0 2.0 5.0 1.0 2.0 5.0 1.0 2.0 5.0 1.0 2.0 5.0 1.0 2.0 5.0 1.0 2.0 5.0 1.0 2.0 5.0 1.0 2.0 5.0 1.0 2.0 5.0 1.0 2.0 5.0 1.0 2.0 5.0 1.0 2.0 5.0 1.0 2.0 5.0 1.0 2.0 5.0 1.0 2.0 5.0 1.0 2.0 5.0 1.0 2.0 5.0 1.0 2.0 5.0 1.0 2.0 5.0 1.0 2.0 5.0 1.0 2.0 5.0 1.0 2.0 5.0 1.0 2.0 5.0 1.0 2.0 5.0 1.0 2.0 5.0 1.0 2.0 5.0 1.0 2.0 5.0 1.0 2.0 5.0 1.0 2.0 5.0 1.0 2.0 5.0 1.0 2.0 5.0 1.0 
65.0 66.0 69.0 65.0  se puede conectar en todos nodo
72 51 57 37 97 30 25 95 66 75 75 1 103 92 93 51 81 24 47 3 1 23 20 1 52 0 1 44 77 1 78 83 3 70 73 3 3 58 39 27 1 3 2 15 3 4 43 0 13 3 27 3 100 33 78 21 96 47 101 84 2 102 36 4 19 2 0 40 1 72 81 3 60 81 1 34 55 2 10 3 87 17 2 2 79 53 51 0 2 45 0 96 3 72 22 42 3 14 1 15 
3.0 2.0 5.0 1.0 2.0 5.0 2.0 2.0 5.0 3.0 6.0 13.0 1.0 3.0 5.0 3.0 4.0 7.0 3.0 5.0 12.0 3.0 2.0 13.0 1.0 2.0 10.0 1.0 2.0 15.0 3.0 2.0 15.0 2.0 2.0 15.0 3.0 2.0 10.0 3.0 3.0 15.0 1.0 6.0 5.0 1.0 2.0 15.0 2.0 4.0 5.0 3.0 2.0 10.0 3.0 2.0 6.0 1.0 2.0 5.0 1.0 2.0 10.0 1.0 2.0 5.0 3.0 2.0 14.0 3.0 2.0 14.0 1.0 4.0 11.0 2.0 2.0 15.0 1.0 4.0 10.0 1.0 2.0 15.0 1.0 2.0 5.0 1.0 5.0 10.0 1.0 4.0 15.0 3.0 2.0 5.0 3.0 4.0 7.0 2.0 
22.0 98.0 44.0 101.0 

nodesExpanded : 746001
elapsed time: 6910
java Main 100000000	1000	50	0.001

0 0 0 0 0 0 0 0 0 0 0 0 0 0 0 0 0 0 0 0 0 0 0 0 0 1 1 1 1 1 1 1 1 1 1 1 1 1 1 1 1 1 1 1 1 1 1 1 1 1 2 2 2 2 2 2 2 2 2 2 2 2 2 2 2 2 2 2 2 2 2 2 2 2 2 3 3 3 3 3 3 3 3 3 3 3 3 3 3 3 3 3 3 3 3 3 3 3 3 3 
1.0 2.0 5.0 1.0 2.0 5.0 1.0 2.0 5.0 1.0 2.0 5.0 1.0 2.0 5.0 1.0 2.0 5.0 1.0 2.0 5.0 1.0 2.0 5.0 1.0 2.0 5.0 1.0 2.0 5.0 1.0 2.0 5.0 1.0 2.0 5.0 1.0 2.0 5.0 1.0 2.0 5.0 1.0 2.0 5.0 1.0 2.0 5.0 1.0 2.0 5.0 1.0 2.0 5.0 1.0 2.0 5.0 1.0 2.0 5.0 1.0 2.0 5.0 1.0 2.0 5.0 1.0 2.0 5.0 1.0 2.0 5.0 1.0 2.0 5.0 1.0 2.0 5.0 1.0 2.0 5.0 1.0 2.0 5.0 1.0 2.0 5.0 1.0 2.0 5.0 1.0 2.0 5.0 1.0 2.0 5.0 1.0 2.0 5.0 1.0 
65.0 66.0 69.0 65.0  se puede conectar en todos nodo
37 51 33 72 78 45 80 95 66 55 67 1 15 2 30 94 64 24 44 100 1 80 76 1 25 0 1 44 85 93 78 7 3 70 97 3 3 58 60 73 47 3 2 15 3 57 79 0 13 3 9 56 3 27 24 8 69 15 101 84 2 103 39 27 51 2 0 40 1 72 81 36 84 2 1 78 96 2 25 3 3 17 81 81 43 53 51 0 2 1 0 96 3 72 91 36 3 83 1 1 
1.0 2.0 5.0 3.0 4.0 10.0 1.0 2.0 5.0 2.0 2.0 13.0 1.0 5.0 5.0 1.0 2.0 5.0 1.0 2.0 13.0 3.0 2.0 14.0 1.0 2.0 10.0 1.0 2.0 10.0 1.0 2.0 15.0 2.0 2.0 15.0 3.0 2.0 5.0 2.0 4.0 15.0 1.0 6.0 5.0 1.0 2.0 14.0 1.0 4.0 5.0 3.0 5.0 6.0 3.0 2.0 10.0 1.0 2.0 5.0 3.0 2.0 10.0 3.0 2.0 15.0 3.0 2.0 14.0 3.0 2.0 5.0 3.0 2.0 13.0 3.0 6.0 14.0 1.0 6.0 13.0 3.0 2.0 5.0 1.0 2.0 5.0 3.0 2.0 15.0 2.0 4.0 15.0 3.0 2.0 5.0 3.0 4.0 5.0 3.0 
24.0 100.0 42.0 99.0 

nodesExpanded : 746001
elapsed time: 6804
java Main 100000000	1000	50	0.001

0 0 0 0 0 0 0 0 0 0 0 0 0 0 0 0 0 0 0 0 0 0 0 0 0 1 1 1 1 1 1 1 1 1 1 1 1 1 1 1 1 1 1 1 1 1 1 1 1 1 2 2 2 2 2 2 2 2 2 2 2 2 2 2 2 2 2 2 2 2 2 2 2 2 2 3 3 3 3 3 3 3 3 3 3 3 3 3 3 3 3 3 3 3 3 3 3 3 3 3 
1.0 2.0 5.0 1.0 2.0 5.0 1.0 2.0 5.0 1.0 2.0 5.0 1.0 2.0 5.0 1.0 2.0 5.0 1.0 2.0 5.0 1.0 2.0 5.0 1.0 2.0 5.0 1.0 2.0 5.0 1.0 2.0 5.0 1.0 2.0 5.0 1.0 2.0 5.0 1.0 2.0 5.0 1.0 2.0 5.0 1.0 2.0 5.0 1.0 2.0 5.0 1.0 2.0 5.0 1.0 2.0 5.0 1.0 2.0 5.0 1.0 2.0 5.0 1.0 2.0 5.0 1.0 2.0 5.0 1.0 2.0 5.0 1.0 2.0 5.0 1.0 2.0 5.0 1.0 2.0 5.0 1.0 2.0 5.0 1.0 2.0 5.0 1.0 2.0 5.0 1.0 2.0 5.0 1.0 2.0 5.0 1.0 2.0 5.0 1.0 
65.0 66.0 69.0 65.0  se puede conectar en todos nodo
72 51 33 37 24 93 25 40 42 7 75 1 1 2 33 51 81 78 47 55 1 80 76 1 52 0 75 47 77 1 78 71 3 0 8 3 3 38 36 78 1 3 2 1 51 101 97 0 14 3 57 56 3 27 65 43 87 44 35 84 81 102 39 4 19 2 0 96 1 1 81 3 20 17 1 34 96 2 63 72 3 92 74 2 58 53 1 0 2 45 0 100 3 72 22 66 3 83 15 15 
2.0 2.0 5.0 2.0 6.0 5.0 1.0 2.0 5.0 1.0 4.0 15.0 1.0 6.0 5.0 3.0 5.0 5.0 3.0 2.0 11.0 2.0 2.0 15.0 1.0 2.0 5.0 1.0 2.0 15.0 2.0 4.0 15.0 3.0 4.0 15.0 3.0 2.0 10.0 3.0 3.0 15.0 1.0 6.0 5.0 1.0 2.0 15.0 2.0 4.0 5.0 3.0 5.0 10.0 2.0 2.0 5.0 1.0 2.0 6.0 1.0 4.0 10.0 1.0 2.0 5.0 1.0 6.0 15.0 1.0 4.0 14.0 3.0 4.0 15.0 1.0 4.0 15.0 1.0 5.0 11.0 1.0 2.0 10.0 1.0 2.0 5.0 1.0 3.0 10.0 1.0 2.0 15.0 3.0 2.0 5.0 3.0 3.0 9.0 1.0 
23.0 102.0 40.0 100.0 

nodesExpanded : 746001
elapsed time: 6642
java Main 100000000	1000	50	0.001

0 0 0 0 0 0 0 0 0 0 0 0 0 0 0 0 0 0 0 0 0 0 0 0 0 1 1 1 1 1 1 1 1 1 1 1 1 1 1 1 1 1 1 1 1 1 1 1 1 1 2 2 2 2 2 2 2 2 2 2 2 2 2 2 2 2 2 2 2 2 2 2 2 2 2 3 3 3 3 3 3 3 3 3 3 3 3 3 3 3 3 3 3 3 3 3 3 3 3 3 
1.0 2.0 5.0 1.0 2.0 5.0 1.0 2.0 5.0 1.0 2.0 5.0 1.0 2.0 5.0 1.0 2.0 5.0 1.0 2.0 5.0 1.0 2.0 5.0 1.0 2.0 5.0 1.0 2.0 5.0 1.0 2.0 5.0 1.0 2.0 5.0 1.0 2.0 5.0 1.0 2.0 5.0 1.0 2.0 5.0 1.0 2.0 5.0 1.0 2.0 5.0 1.0 2.0 5.0 1.0 2.0 5.0 1.0 2.0 5.0 1.0 2.0 5.0 1.0 2.0 5.0 1.0 2.0 5.0 1.0 2.0 5.0 1.0 2.0 5.0 1.0 2.0 5.0 1.0 2.0 5.0 1.0 2.0 5.0 1.0 2.0 5.0 1.0 2.0 5.0 1.0 2.0 5.0 1.0 2.0 5.0 1.0 2.0 5.0 1.0 
65.0 66.0 69.0 65.0  se puede conectar en todos nodo
67 51 33 37 27 45 25 40 45 7 66 1 103 92 27 51 81 57 44 96 78 23 64 1 35 0 72 47 77 1 1 80 3 0 34 3 3 73 39 58 15 3 2 1 51 4 79 0 66 3 75 56 3 93 24 88 87 47 52 60 2 102 36 72 19 81 0 100 1 78 81 3 20 2 1 65 96 2 10 70 3 17 2 2 8 53 15 0 2 1 0 56 3 72 31 42 3 75 1 15 
2.0 2.0 5.0 2.0 5.0 5.0 2.0 2.0 5.0 1.0 2.0 15.0 1.0 3.0 5.0 3.0 3.0 5.0 1.0 5.0 7.0 3.0 2.0 15.0 1.0 2.0 5.0 3.0 2.0 10.0 3.0 3.0 15.0 3.0 2.0 15.0 3.0 2.0 10.0 1.0 3.0 15.0 1.0 6.0 5.0 1.0 2.0 15.0 3.0 4.0 5.0 1.0 5.0 10.0 2.0 2.0 10.0 1.0 2.0 5.0 3.0 5.0 10.0 3.0 2.0 5.0 3.0 2.0 14.0 3.0 2.0 12.0 1.0 4.0 15.0 3.0 5.0 15.0 1.0 2.0 5.0 1.0 2.0 15.0 3.0 2.0 5.0 1.0 5.0 15.0 1.0 2.0 15.0 1.0 2.0 5.0 3.0 2.0 10.0 2.0 
25.0 103.0 45.0 92.0 

nodesExpanded : 746001
elapsed time: 7882
